protocol;link_layer;link_layer_mode;blocksize;network_setup;data_format;dns_format;randiv_pad;vector_type;classifier;classifier_args;test_size;job_id;start;stop;feature;mdi;mdi_std
oscore;schc;;1024;p1;cbor;dns_cbor;1;binvec;rf;n_estimators=250,max_depth=9,random_state=1633250459;;;1759471619;1759471928;0;0.0;0.0
oscore;schc;;1024;p1;cbor;dns_cbor;1;binvec;rf;n_estimators=250,max_depth=9,random_state=1633250459;;;1759471619;1759471928;1;0.0;0.0
oscore;schc;;1024;p1;cbor;dns_cbor;1;binvec;rf;n_estimators=250,max_depth=9,random_state=1633250459;;;1759471619;1759471928;2;0.0;0.0
oscore;schc;;1024;p1;cbor;dns_cbor;1;binvec;rf;n_estimators=250,max_depth=9,random_state=1633250459;;;1759471619;1759471928;3;0.07836570284770716;0.13289186759833765
oscore;schc;;1024;p1;cbor;dns_cbor;1;binvec;rf;n_estimators=250,max_depth=9,random_state=1633250459;;;1759471619;1759471928;4;0.01859888305627235;0.02862249801956054
oscore;schc;;1024;p1;cbor;dns_cbor;1;binvec;rf;n_estimators=250,max_depth=9,random_state=1633250459;;;1759471619;1759471928;5;0.04994603634942734;0.08402984126990762
oscore;schc;;1024;p1;cbor;dns_cbor;1;binvec;rf;n_estimators=250,max_depth=9,random_state=1633250459;;;1759471619;1759471928;6;0.05454432921791828;0.08644378130523912
oscore;schc;;1024;p1;cbor;dns_cbor;1;binvec;rf;n_estimators=250,max_depth=9,random_state=1633250459;;;1759471619;1759471928;7;0.02024026888552392;0.025964707267717897
oscore;schc;;1024;p1;cbor;dns_cbor;1;binvec;rf;n_estimators=250,max_depth=9,random_state=1633250459;;;1759471619;1759471928;8;0.031677774359631726;0.04125495746591526
oscore;schc;;1024;p1;cbor;dns_cbor;1;binvec;rf;n_estimators=250,max_depth=9,random_state=1633250459;;;1759471619;1759471928;9;0.08667933858577825;0.14579558827931882
oscore;schc;;1024;p1;cbor;dns_cbor;1;binvec;rf;n_estimators=250,max_depth=9,random_state=1633250459;;;1759471619;1759471928;10;0.03465711280200417;0.05814116447258737
oscore;schc;;1024;p1;cbor;dns_cbor;1;binvec;rf;n_estimators=250,max_depth=9,random_state=1633250459;;;1759471619;1759471928;11;0.0022036554982872224;0.0037105416450076488
oscore;schc;;1024;p1;cbor;dns_cbor;1;binvec;rf;n_estimators=250,max_depth=9,random_state=1633250459;;;1759471619;1759471928;12;0.0017621156629267724;0.0027483348634379672
oscore;schc;;1024;p1;cbor;dns_cbor;1;binvec;rf;n_estimators=250,max_depth=9,random_state=1633250459;;;1759471619;1759471928;13;0.00157699076861006;0.0027056034694359255
oscore;schc;;1024;p1;cbor;dns_cbor;1;binvec;rf;n_estimators=250,max_depth=9,random_state=1633250459;;;1759471619;1759471928;14;0.0016167650666671547;0.0030780959232526747
oscore;schc;;1024;p1;cbor;dns_cbor;1;binvec;rf;n_estimators=250,max_depth=9,random_state=1633250459;;;1759471619;1759471928;15;0.0016833413694476525;0.003067330009639707
oscore;schc;;1024;p1;cbor;dns_cbor;1;binvec;rf;n_estimators=250,max_depth=9,random_state=1633250459;;;1759471619;1759471928;16;0.0019090342451184685;0.0029828655395035585
oscore;schc;;1024;p1;cbor;dns_cbor;1;binvec;rf;n_estimators=250,max_depth=9,random_state=1633250459;;;1759471619;1759471928;17;0.0017573698627649527;0.0028031969066121317
oscore;schc;;1024;p1;cbor;dns_cbor;1;binvec;rf;n_estimators=250,max_depth=9,random_state=1633250459;;;1759471619;1759471928;18;0.0019421602269550581;0.003220414911818477
oscore;schc;;1024;p1;cbor;dns_cbor;1;binvec;rf;n_estimators=250,max_depth=9,random_state=1633250459;;;1759471619;1759471928;19;0.006789528966630434;0.010663655360520947
oscore;schc;;1024;p1;cbor;dns_cbor;1;binvec;rf;n_estimators=250,max_depth=9,random_state=1633250459;;;1759471619;1759471928;20;0.0013561073186688446;0.0023804601645773887
oscore;schc;;1024;p1;cbor;dns_cbor;1;binvec;rf;n_estimators=250,max_depth=9,random_state=1633250459;;;1759471619;1759471928;21;0.0014965638826926256;0.0024370669972370728
oscore;schc;;1024;p1;cbor;dns_cbor;1;binvec;rf;n_estimators=250,max_depth=9,random_state=1633250459;;;1759471619;1759471928;22;4.146509990543421e-05;6.889100666237497e-05
oscore;schc;;1024;p1;cbor;dns_cbor;1;binvec;rf;n_estimators=250,max_depth=9,random_state=1633250459;;;1759471619;1759471928;23;3.778558600515672e-05;6.326999419532457e-05
oscore;schc;;1024;p1;cbor;dns_cbor;1;binvec;rf;n_estimators=250,max_depth=9,random_state=1633250459;;;1759471619;1759471928;24;3.3094732912140834e-05;5.749456319620474e-05
oscore;schc;;1024;p1;cbor;dns_cbor;1;binvec;rf;n_estimators=250,max_depth=9,random_state=1633250459;;;1759471619;1759471928;25;2.868644131839219e-05;5.03838748869805e-05
oscore;schc;;1024;p1;cbor;dns_cbor;1;binvec;rf;n_estimators=250,max_depth=9,random_state=1633250459;;;1759471619;1759471928;26;3.73941267238288e-05;6.415052925124446e-05
oscore;schc;;1024;p1;cbor;dns_cbor;1;binvec;rf;n_estimators=250,max_depth=9,random_state=1633250459;;;1759471619;1759471928;27;0.013740938565864547;0.03325614603033842
oscore;schc;;1024;p1;cbor;dns_cbor;1;binvec;rf;n_estimators=250,max_depth=9,random_state=1633250459;;;1759471619;1759471928;28;0.001067497868065208;0.0030679894119438307
oscore;schc;;1024;p1;cbor;dns_cbor;1;binvec;rf;n_estimators=250,max_depth=9,random_state=1633250459;;;1759471619;1759471928;29;0.0005277037845240032;0.002018957075682936
oscore;schc;;1024;p1;cbor;dns_cbor;1;binvec;rf;n_estimators=250,max_depth=9,random_state=1633250459;;;1759471619;1759471928;30;4.761792392430541e-05;0.00015269004717023983
oscore;schc;;1024;p1;cbor;dns_cbor;1;binvec;rf;n_estimators=250,max_depth=9,random_state=1633250459;;;1759471619;1759471928;31;4.3077810537916964e-05;0.00010892887452435737
oscore;schc;;1024;p1;cbor;dns_cbor;1;binvec;rf;n_estimators=250,max_depth=9,random_state=1633250459;;;1759471619;1759471928;32;3.740614498124656e-05;6.16229301681918e-05
oscore;schc;;1024;p1;cbor;dns_cbor;1;binvec;rf;n_estimators=250,max_depth=9,random_state=1633250459;;;1759471619;1759471928;33;3.244744284381079e-05;5.691315656483834e-05
oscore;schc;;1024;p1;cbor;dns_cbor;1;binvec;rf;n_estimators=250,max_depth=9,random_state=1633250459;;;1759471619;1759471928;34;3.761597205836099e-05;6.988269890263116e-05
oscore;schc;;1024;p1;cbor;dns_cbor;1;binvec;rf;n_estimators=250,max_depth=9,random_state=1633250459;;;1759471619;1759471928;35;4.6654000281003733e-05;7.173115337336004e-05
oscore;schc;;1024;p1;cbor;dns_cbor;1;binvec;rf;n_estimators=250,max_depth=9,random_state=1633250459;;;1759471619;1759471928;36;3.0479398480595062e-05;6.263596416678146e-05
oscore;schc;;1024;p1;cbor;dns_cbor;1;binvec;rf;n_estimators=250,max_depth=9,random_state=1633250459;;;1759471619;1759471928;37;3.791201908437244e-05;6.653308564088751e-05
oscore;schc;;1024;p1;cbor;dns_cbor;1;binvec;rf;n_estimators=250,max_depth=9,random_state=1633250459;;;1759471619;1759471928;38;0.0014417127211842008;0.0025923157461497813
oscore;schc;;1024;p1;cbor;dns_cbor;1;binvec;rf;n_estimators=250,max_depth=9,random_state=1633250459;;;1759471619;1759471928;39;0.00024092661738886768;0.0005351401631179012
oscore;schc;;1024;p1;cbor;dns_cbor;1;binvec;rf;n_estimators=250,max_depth=9,random_state=1633250459;;;1759471619;1759471928;40;0.00012384878747202563;0.00026880462488302595
oscore;schc;;1024;p1;cbor;dns_cbor;1;binvec;rf;n_estimators=250,max_depth=9,random_state=1633250459;;;1759471619;1759471928;41;4.239843355985579e-05;6.652493318270133e-05
oscore;schc;;1024;p1;cbor;dns_cbor;1;binvec;rf;n_estimators=250,max_depth=9,random_state=1633250459;;;1759471619;1759471928;42;4.706279064192426e-05;7.359679549092726e-05
oscore;schc;;1024;p1;cbor;dns_cbor;1;binvec;rf;n_estimators=250,max_depth=9,random_state=1633250459;;;1759471619;1759471928;43;5.384492505651166e-05;9.187147842700975e-05
oscore;schc;;1024;p1;cbor;dns_cbor;1;binvec;rf;n_estimators=250,max_depth=9,random_state=1633250459;;;1759471619;1759471928;44;5.443024430651852e-05;0.00010043167601125528
oscore;schc;;1024;p1;cbor;dns_cbor;1;binvec;rf;n_estimators=250,max_depth=9,random_state=1633250459;;;1759471619;1759471928;45;4.525889993649229e-05;7.503157827041507e-05
oscore;schc;;1024;p1;cbor;dns_cbor;1;binvec;rf;n_estimators=250,max_depth=9,random_state=1633250459;;;1759471619;1759471928;46;3.2485949292345366e-05;6.585454573807798e-05
oscore;schc;;1024;p1;cbor;dns_cbor;1;binvec;rf;n_estimators=250,max_depth=9,random_state=1633250459;;;1759471619;1759471928;47;3.678070417758933e-05;6.461247809164823e-05
oscore;schc;;1024;p1;cbor;dns_cbor;1;binvec;rf;n_estimators=250,max_depth=9,random_state=1633250459;;;1759471619;1759471928;48;3.769831290601804e-05;6.34501397719813e-05
oscore;schc;;1024;p1;cbor;dns_cbor;1;binvec;rf;n_estimators=250,max_depth=9,random_state=1633250459;;;1759471619;1759471928;49;3.4473360801709385e-05;6.61382535277052e-05
oscore;schc;;1024;p1;cbor;dns_cbor;1;binvec;rf;n_estimators=250,max_depth=9,random_state=1633250459;;;1759471619;1759471928;50;4.0448322235625894e-05;7.210106400433308e-05
oscore;schc;;1024;p1;cbor;dns_cbor;1;binvec;rf;n_estimators=250,max_depth=9,random_state=1633250459;;;1759471619;1759471928;51;0.005363552467776121;0.008167545647013798
oscore;schc;;1024;p1;cbor;dns_cbor;1;binvec;rf;n_estimators=250,max_depth=9,random_state=1633250459;;;1759471619;1759471928;52;0.003388671140134353;0.0049858720479932775
oscore;schc;;1024;p1;cbor;dns_cbor;1;binvec;rf;n_estimators=250,max_depth=9,random_state=1633250459;;;1759471619;1759471928;53;0.00010611877900920223;0.00015652604724757089
oscore;schc;;1024;p1;cbor;dns_cbor;1;binvec;rf;n_estimators=250,max_depth=9,random_state=1633250459;;;1759471619;1759471928;54;4.3857241922607385e-05;6.903885517616645e-05
oscore;schc;;1024;p1;cbor;dns_cbor;1;binvec;rf;n_estimators=250,max_depth=9,random_state=1633250459;;;1759471619;1759471928;55;3.246173920078602e-05;6.047729460584568e-05
oscore;schc;;1024;p1;cbor;dns_cbor;1;binvec;rf;n_estimators=250,max_depth=9,random_state=1633250459;;;1759471619;1759471928;56;3.573911256938642e-05;6.651432021000381e-05
oscore;schc;;1024;p1;cbor;dns_cbor;1;binvec;rf;n_estimators=250,max_depth=9,random_state=1633250459;;;1759471619;1759471928;57;3.4562024714336215e-05;7.056302419434432e-05
oscore;schc;;1024;p1;cbor;dns_cbor;1;binvec;rf;n_estimators=250,max_depth=9,random_state=1633250459;;;1759471619;1759471928;58;3.2177518275923514e-05;6.564927602457647e-05
oscore;schc;;1024;p1;cbor;dns_cbor;1;binvec;rf;n_estimators=250,max_depth=9,random_state=1633250459;;;1759471619;1759471928;59;4.639457740669922e-05;7.627902366872351e-05
oscore;schc;;1024;p1;cbor;dns_cbor;1;binvec;rf;n_estimators=250,max_depth=9,random_state=1633250459;;;1759471619;1759471928;60;3.3552521270887105e-05;6.322613875490693e-05
oscore;schc;;1024;p1;cbor;dns_cbor;1;binvec;rf;n_estimators=250,max_depth=9,random_state=1633250459;;;1759471619;1759471928;61;3.330106169639759e-05;5.8269681369055254e-05
oscore;schc;;1024;p1;cbor;dns_cbor;1;binvec;rf;n_estimators=250,max_depth=9,random_state=1633250459;;;1759471619;1759471928;62;0.0008347174610737883;0.001783741244287638
oscore;schc;;1024;p1;cbor;dns_cbor;1;binvec;rf;n_estimators=250,max_depth=9,random_state=1633250459;;;1759471619;1759471928;63;0.0006427896016409238;0.0014943341331705212
oscore;schc;;1024;p1;cbor;dns_cbor;1;binvec;rf;n_estimators=250,max_depth=9,random_state=1633250459;;;1759471619;1759471928;64;3.415287032468229e-05;6.129248924622724e-05
oscore;schc;;1024;p1;cbor;dns_cbor;1;binvec;rf;n_estimators=250,max_depth=9,random_state=1633250459;;;1759471619;1759471928;65;4.9318612548524115e-05;8.814175554226221e-05
oscore;schc;;1024;p1;cbor;dns_cbor;1;binvec;rf;n_estimators=250,max_depth=9,random_state=1633250459;;;1759471619;1759471928;66;3.754318316069057e-05;6.045172847398154e-05
oscore;schc;;1024;p1;cbor;dns_cbor;1;binvec;rf;n_estimators=250,max_depth=9,random_state=1633250459;;;1759471619;1759471928;67;4.0229183541098326e-05;7.346542775814369e-05
oscore;schc;;1024;p1;cbor;dns_cbor;1;binvec;rf;n_estimators=250,max_depth=9,random_state=1633250459;;;1759471619;1759471928;68;3.7705931399779154e-05;7.380489544341266e-05
oscore;schc;;1024;p1;cbor;dns_cbor;1;binvec;rf;n_estimators=250,max_depth=9,random_state=1633250459;;;1759471619;1759471928;69;4.0273365316909534e-05;7.035377670559818e-05
oscore;schc;;1024;p1;cbor;dns_cbor;1;binvec;rf;n_estimators=250,max_depth=9,random_state=1633250459;;;1759471619;1759471928;70;3.6656775122627036e-05;6.757744323646144e-05
oscore;schc;;1024;p1;cbor;dns_cbor;1;binvec;rf;n_estimators=250,max_depth=9,random_state=1633250459;;;1759471619;1759471928;71;4.477350589689667e-05;7.322129079135731e-05
oscore;schc;;1024;p1;cbor;dns_cbor;1;binvec;rf;n_estimators=250,max_depth=9,random_state=1633250459;;;1759471619;1759471928;72;4.057894084480465e-05;6.472033710193537e-05
oscore;schc;;1024;p1;cbor;dns_cbor;1;binvec;rf;n_estimators=250,max_depth=9,random_state=1633250459;;;1759471619;1759471928;73;3.414954796823005e-05;5.6686099937007867e-05
oscore;schc;;1024;p1;cbor;dns_cbor;1;binvec;rf;n_estimators=250,max_depth=9,random_state=1633250459;;;1759471619;1759471928;74;3.852226099453059e-05;6.669997029564116e-05
oscore;schc;;1024;p1;cbor;dns_cbor;1;binvec;rf;n_estimators=250,max_depth=9,random_state=1633250459;;;1759471619;1759471928;75;4.3720639627666006e-05;7.525140921216315e-05
oscore;schc;;1024;p1;cbor;dns_cbor;1;binvec;rf;n_estimators=250,max_depth=9,random_state=1633250459;;;1759471619;1759471928;76;4.256002950829135e-05;7.920026837034151e-05
oscore;schc;;1024;p1;cbor;dns_cbor;1;binvec;rf;n_estimators=250,max_depth=9,random_state=1633250459;;;1759471619;1759471928;77;4.243766263538783e-05;7.248260021960011e-05
oscore;schc;;1024;p1;cbor;dns_cbor;1;binvec;rf;n_estimators=250,max_depth=9,random_state=1633250459;;;1759471619;1759471928;78;4.4583030027620666e-05;7.376087916534836e-05
oscore;schc;;1024;p1;cbor;dns_cbor;1;binvec;rf;n_estimators=250,max_depth=9,random_state=1633250459;;;1759471619;1759471928;79;3.839589251039816e-05;6.720779886761588e-05
oscore;schc;;1024;p1;cbor;dns_cbor;1;binvec;rf;n_estimators=250,max_depth=9,random_state=1633250459;;;1759471619;1759471928;80;4.067213097840826e-05;6.805150029449046e-05
oscore;schc;;1024;p1;cbor;dns_cbor;1;binvec;rf;n_estimators=250,max_depth=9,random_state=1633250459;;;1759471619;1759471928;81;4.251591769850598e-05;6.178935413508934e-05
oscore;schc;;1024;p1;cbor;dns_cbor;1;binvec;rf;n_estimators=250,max_depth=9,random_state=1633250459;;;1759471619;1759471928;82;3.8146997112811464e-05;6.879341424673357e-05
oscore;schc;;1024;p1;cbor;dns_cbor;1;binvec;rf;n_estimators=250,max_depth=9,random_state=1633250459;;;1759471619;1759471928;83;3.432389259098665e-05;5.852654698885249e-05
oscore;schc;;1024;p1;cbor;dns_cbor;1;binvec;rf;n_estimators=250,max_depth=9,random_state=1633250459;;;1759471619;1759471928;84;3.5581265828884035e-05;6.138729459845464e-05
oscore;schc;;1024;p1;cbor;dns_cbor;1;binvec;rf;n_estimators=250,max_depth=9,random_state=1633250459;;;1759471619;1759471928;85;4.2477819725059526e-05;7.306237081900408e-05
oscore;schc;;1024;p1;cbor;dns_cbor;1;binvec;rf;n_estimators=250,max_depth=9,random_state=1633250459;;;1759471619;1759471928;86;3.6165743821344406e-05;6.621714506276919e-05
oscore;schc;;1024;p1;cbor;dns_cbor;1;binvec;rf;n_estimators=250,max_depth=9,random_state=1633250459;;;1759471619;1759471928;87;3.8213031690819506e-05;7.238740807346431e-05
oscore;schc;;1024;p1;cbor;dns_cbor;1;binvec;rf;n_estimators=250,max_depth=9,random_state=1633250459;;;1759471619;1759471928;88;4.009719856720266e-05;7.159217756631432e-05
oscore;schc;;1024;p1;cbor;dns_cbor;1;binvec;rf;n_estimators=250,max_depth=9,random_state=1633250459;;;1759471619;1759471928;89;3.880768366008539e-05;7.606892337956258e-05
oscore;schc;;1024;p1;cbor;dns_cbor;1;binvec;rf;n_estimators=250,max_depth=9,random_state=1633250459;;;1759471619;1759471928;90;4.331557048159423e-05;6.74502521644621e-05
oscore;schc;;1024;p1;cbor;dns_cbor;1;binvec;rf;n_estimators=250,max_depth=9,random_state=1633250459;;;1759471619;1759471928;91;2.972723286411373e-05;5.2518556562283817e-05
oscore;schc;;1024;p1;cbor;dns_cbor;1;binvec;rf;n_estimators=250,max_depth=9,random_state=1633250459;;;1759471619;1759471928;92;4.010607523790559e-05;6.97535911002263e-05
oscore;schc;;1024;p1;cbor;dns_cbor;1;binvec;rf;n_estimators=250,max_depth=9,random_state=1633250459;;;1759471619;1759471928;93;3.3318569715560605e-05;6.265111609527529e-05
oscore;schc;;1024;p1;cbor;dns_cbor;1;binvec;rf;n_estimators=250,max_depth=9,random_state=1633250459;;;1759471619;1759471928;94;3.591108105443858e-05;6.099735385396651e-05
oscore;schc;;1024;p1;cbor;dns_cbor;1;binvec;rf;n_estimators=250,max_depth=9,random_state=1633250459;;;1759471619;1759471928;95;3.374061276118907e-05;5.757072567056414e-05
oscore;schc;;1024;p1;cbor;dns_cbor;1;binvec;rf;n_estimators=250,max_depth=9,random_state=1633250459;;;1759471619;1759471928;96;4.068010142714976e-05;7.039335812743929e-05
oscore;schc;;1024;p1;cbor;dns_cbor;1;binvec;rf;n_estimators=250,max_depth=9,random_state=1633250459;;;1759471619;1759471928;97;3.44242404625051e-05;6.077591089880802e-05
oscore;schc;;1024;p1;cbor;dns_cbor;1;binvec;rf;n_estimators=250,max_depth=9,random_state=1633250459;;;1759471619;1759471928;98;3.0992296544658286e-05;5.810803223460926e-05
oscore;schc;;1024;p1;cbor;dns_cbor;1;binvec;rf;n_estimators=250,max_depth=9,random_state=1633250459;;;1759471619;1759471928;99;3.9175105219240733e-05;6.275317940542494e-05
oscore;schc;;1024;p1;cbor;dns_cbor;1;binvec;rf;n_estimators=250,max_depth=9,random_state=1633250459;;;1759471619;1759471928;100;4.252075640121226e-05;7.673654415079276e-05
oscore;schc;;1024;p1;cbor;dns_cbor;1;binvec;rf;n_estimators=250,max_depth=9,random_state=1633250459;;;1759471619;1759471928;101;3.041731520840236e-05;6.122048986722361e-05
oscore;schc;;1024;p1;cbor;dns_cbor;1;binvec;rf;n_estimators=250,max_depth=9,random_state=1633250459;;;1759471619;1759471928;102;3.303355662226149e-05;5.9835372000136796e-05
oscore;schc;;1024;p1;cbor;dns_cbor;1;binvec;rf;n_estimators=250,max_depth=9,random_state=1633250459;;;1759471619;1759471928;103;3.678127710617979e-05;6.679718125825633e-05
oscore;schc;;1024;p1;cbor;dns_cbor;1;binvec;rf;n_estimators=250,max_depth=9,random_state=1633250459;;;1759471619;1759471928;104;3.779769574000971e-05;6.562372623951249e-05
oscore;schc;;1024;p1;cbor;dns_cbor;1;binvec;rf;n_estimators=250,max_depth=9,random_state=1633250459;;;1759471619;1759471928;105;4.02037166661591e-05;6.796486996140947e-05
oscore;schc;;1024;p1;cbor;dns_cbor;1;binvec;rf;n_estimators=250,max_depth=9,random_state=1633250459;;;1759471619;1759471928;106;3.701612715418331e-05;6.09564884041844e-05
oscore;schc;;1024;p1;cbor;dns_cbor;1;binvec;rf;n_estimators=250,max_depth=9,random_state=1633250459;;;1759471619;1759471928;107;3.760953132812412e-05;6.640723615647585e-05
oscore;schc;;1024;p1;cbor;dns_cbor;1;binvec;rf;n_estimators=250,max_depth=9,random_state=1633250459;;;1759471619;1759471928;108;3.773677303119885e-05;6.371220062483957e-05
oscore;schc;;1024;p1;cbor;dns_cbor;1;binvec;rf;n_estimators=250,max_depth=9,random_state=1633250459;;;1759471619;1759471928;109;4.09213362014193e-05;6.880939837238514e-05
oscore;schc;;1024;p1;cbor;dns_cbor;1;binvec;rf;n_estimators=250,max_depth=9,random_state=1633250459;;;1759471619;1759471928;110;3.711385530983541e-05;6.368854494590594e-05
oscore;schc;;1024;p1;cbor;dns_cbor;1;binvec;rf;n_estimators=250,max_depth=9,random_state=1633250459;;;1759471619;1759471928;111;4.753342342625389e-05;7.651184720884633e-05
oscore;schc;;1024;p1;cbor;dns_cbor;1;binvec;rf;n_estimators=250,max_depth=9,random_state=1633250459;;;1759471619;1759471928;112;3.50517782656741e-05;6.289047861078554e-05
oscore;schc;;1024;p1;cbor;dns_cbor;1;binvec;rf;n_estimators=250,max_depth=9,random_state=1633250459;;;1759471619;1759471928;113;3.6091836446186996e-05;7.068010766134031e-05
oscore;schc;;1024;p1;cbor;dns_cbor;1;binvec;rf;n_estimators=250,max_depth=9,random_state=1633250459;;;1759471619;1759471928;114;3.386923612179217e-05;6.47746017685967e-05
oscore;schc;;1024;p1;cbor;dns_cbor;1;binvec;rf;n_estimators=250,max_depth=9,random_state=1633250459;;;1759471619;1759471928;115;4.488632547403952e-05;8.102116796359501e-05
oscore;schc;;1024;p1;cbor;dns_cbor;1;binvec;rf;n_estimators=250,max_depth=9,random_state=1633250459;;;1759471619;1759471928;116;3.34217455054683e-05;6.539381640152455e-05
oscore;schc;;1024;p1;cbor;dns_cbor;1;binvec;rf;n_estimators=250,max_depth=9,random_state=1633250459;;;1759471619;1759471928;117;3.991278522358225e-05;7.663115988899615e-05
oscore;schc;;1024;p1;cbor;dns_cbor;1;binvec;rf;n_estimators=250,max_depth=9,random_state=1633250459;;;1759471619;1759471928;118;3.749339267176545e-05;7.335399767484234e-05
oscore;schc;;1024;p1;cbor;dns_cbor;1;binvec;rf;n_estimators=250,max_depth=9,random_state=1633250459;;;1759471619;1759471928;119;3.639056676266251e-05;6.913065775457322e-05
oscore;schc;;1024;p1;cbor;dns_cbor;1;binvec;rf;n_estimators=250,max_depth=9,random_state=1633250459;;;1759471619;1759471928;120;4.066223561162078e-05;7.557961342256893e-05
oscore;schc;;1024;p1;cbor;dns_cbor;1;binvec;rf;n_estimators=250,max_depth=9,random_state=1633250459;;;1759471619;1759471928;121;4.479078106152662e-05;7.670698114773248e-05
oscore;schc;;1024;p1;cbor;dns_cbor;1;binvec;rf;n_estimators=250,max_depth=9,random_state=1633250459;;;1759471619;1759471928;122;4.970723477217435e-05;7.54831242181064e-05
oscore;schc;;1024;p1;cbor;dns_cbor;1;binvec;rf;n_estimators=250,max_depth=9,random_state=1633250459;;;1759471619;1759471928;123;3.944607514552678e-05;7.77403201435241e-05
oscore;schc;;1024;p1;cbor;dns_cbor;1;binvec;rf;n_estimators=250,max_depth=9,random_state=1633250459;;;1759471619;1759471928;124;3.843651851152951e-05;7.979687007584468e-05
oscore;schc;;1024;p1;cbor;dns_cbor;1;binvec;rf;n_estimators=250,max_depth=9,random_state=1633250459;;;1759471619;1759471928;125;4.249094193081465e-05;7.377446957073763e-05
oscore;schc;;1024;p1;cbor;dns_cbor;1;binvec;rf;n_estimators=250,max_depth=9,random_state=1633250459;;;1759471619;1759471928;126;3.4785699873974286e-05;6.264325697396731e-05
oscore;schc;;1024;p1;cbor;dns_cbor;1;binvec;rf;n_estimators=250,max_depth=9,random_state=1633250459;;;1759471619;1759471928;127;3.2795788098370506e-05;5.871696642962865e-05
oscore;schc;;1024;p1;cbor;dns_cbor;1;binvec;rf;n_estimators=250,max_depth=9,random_state=1633250459;;;1759471619;1759471928;128;4.499921355203742e-05;7.707406347472111e-05
oscore;schc;;1024;p1;cbor;dns_cbor;1;binvec;rf;n_estimators=250,max_depth=9,random_state=1633250459;;;1759471619;1759471928;129;3.717732855075314e-05;6.174297307845339e-05
oscore;schc;;1024;p1;cbor;dns_cbor;1;binvec;rf;n_estimators=250,max_depth=9,random_state=1633250459;;;1759471619;1759471928;130;3.489307135414411e-05;6.486990731721576e-05
oscore;schc;;1024;p1;cbor;dns_cbor;1;binvec;rf;n_estimators=250,max_depth=9,random_state=1633250459;;;1759471619;1759471928;131;4.4525324033415244e-05;7.913073990532413e-05
oscore;schc;;1024;p1;cbor;dns_cbor;1;binvec;rf;n_estimators=250,max_depth=9,random_state=1633250459;;;1759471619;1759471928;132;4.1342245814479115e-05;9.061986452718826e-05
oscore;schc;;1024;p1;cbor;dns_cbor;1;binvec;rf;n_estimators=250,max_depth=9,random_state=1633250459;;;1759471619;1759471928;133;3.992820981583387e-05;7.316187811702296e-05
oscore;schc;;1024;p1;cbor;dns_cbor;1;binvec;rf;n_estimators=250,max_depth=9,random_state=1633250459;;;1759471619;1759471928;134;3.602777240461726e-05;6.76961409813981e-05
oscore;schc;;1024;p1;cbor;dns_cbor;1;binvec;rf;n_estimators=250,max_depth=9,random_state=1633250459;;;1759471619;1759471928;135;3.384165790065055e-05;6.194119897743095e-05
oscore;schc;;1024;p1;cbor;dns_cbor;1;binvec;rf;n_estimators=250,max_depth=9,random_state=1633250459;;;1759471619;1759471928;136;4.6174143728243664e-05;9.614423166514697e-05
oscore;schc;;1024;p1;cbor;dns_cbor;1;binvec;rf;n_estimators=250,max_depth=9,random_state=1633250459;;;1759471619;1759471928;137;4.1246849357992594e-05;7.225267973785355e-05
oscore;schc;;1024;p1;cbor;dns_cbor;1;binvec;rf;n_estimators=250,max_depth=9,random_state=1633250459;;;1759471619;1759471928;138;4.914705059513426e-05;0.00011302574056078827
oscore;schc;;1024;p1;cbor;dns_cbor;1;binvec;rf;n_estimators=250,max_depth=9,random_state=1633250459;;;1759471619;1759471928;139;3.0107000597742926e-05;5.9503082700820804e-05
oscore;schc;;1024;p1;cbor;dns_cbor;1;binvec;rf;n_estimators=250,max_depth=9,random_state=1633250459;;;1759471619;1759471928;140;3.8172838287595094e-05;7.093524457656233e-05
oscore;schc;;1024;p1;cbor;dns_cbor;1;binvec;rf;n_estimators=250,max_depth=9,random_state=1633250459;;;1759471619;1759471928;141;3.70212216267161e-05;7.462261191655041e-05
oscore;schc;;1024;p1;cbor;dns_cbor;1;binvec;rf;n_estimators=250,max_depth=9,random_state=1633250459;;;1759471619;1759471928;142;3.984716265115302e-05;9.61612764002599e-05
oscore;schc;;1024;p1;cbor;dns_cbor;1;binvec;rf;n_estimators=250,max_depth=9,random_state=1633250459;;;1759471619;1759471928;143;5.381655280248415e-05;0.0001020085367784063
oscore;schc;;1024;p1;cbor;dns_cbor;1;binvec;rf;n_estimators=250,max_depth=9,random_state=1633250459;;;1759471619;1759471928;144;3.5279708732224816e-05;6.42267947748038e-05
oscore;schc;;1024;p1;cbor;dns_cbor;1;binvec;rf;n_estimators=250,max_depth=9,random_state=1633250459;;;1759471619;1759471928;145;4.067374573846842e-05;8.170624470164696e-05
oscore;schc;;1024;p1;cbor;dns_cbor;1;binvec;rf;n_estimators=250,max_depth=9,random_state=1633250459;;;1759471619;1759471928;146;4.419846937833006e-05;0.00010827629055941003
oscore;schc;;1024;p1;cbor;dns_cbor;1;binvec;rf;n_estimators=250,max_depth=9,random_state=1633250459;;;1759471619;1759471928;147;5.008162285912056e-05;0.00010201197457273304
oscore;schc;;1024;p1;cbor;dns_cbor;1;binvec;rf;n_estimators=250,max_depth=9,random_state=1633250459;;;1759471619;1759471928;148;4.454888673899919e-05;9.007721103761387e-05
oscore;schc;;1024;p1;cbor;dns_cbor;1;binvec;rf;n_estimators=250,max_depth=9,random_state=1633250459;;;1759471619;1759471928;149;5.06480340897959e-05;0.00014909203282963474
oscore;schc;;1024;p1;cbor;dns_cbor;1;binvec;rf;n_estimators=250,max_depth=9,random_state=1633250459;;;1759471619;1759471928;150;5.680917200521649e-05;0.00010532386999060546
oscore;schc;;1024;p1;cbor;dns_cbor;1;binvec;rf;n_estimators=250,max_depth=9,random_state=1633250459;;;1759471619;1759471928;151;5.023985825914186e-05;0.00014025902218662927
oscore;schc;;1024;p1;cbor;dns_cbor;1;binvec;rf;n_estimators=250,max_depth=9,random_state=1633250459;;;1759471619;1759471928;152;4.209105554393809e-05;7.717235987031005e-05
oscore;schc;;1024;p1;cbor;dns_cbor;1;binvec;rf;n_estimators=250,max_depth=9,random_state=1633250459;;;1759471619;1759471928;153;5.472994026348853e-05;0.00015875864261553232
oscore;schc;;1024;p1;cbor;dns_cbor;1;binvec;rf;n_estimators=250,max_depth=9,random_state=1633250459;;;1759471619;1759471928;154;3.719032087644764e-05;7.03939648499363e-05
oscore;schc;;1024;p1;cbor;dns_cbor;1;binvec;rf;n_estimators=250,max_depth=9,random_state=1633250459;;;1759471619;1759471928;155;5.289753924891163e-05;0.00012570691637802205
oscore;schc;;1024;p1;cbor;dns_cbor;1;binvec;rf;n_estimators=250,max_depth=9,random_state=1633250459;;;1759471619;1759471928;156;5.6471411518814266e-05;0.00016105511799999965
oscore;schc;;1024;p1;cbor;dns_cbor;1;binvec;rf;n_estimators=250,max_depth=9,random_state=1633250459;;;1759471619;1759471928;157;5.539004244343404e-05;0.00012784714000886626
oscore;schc;;1024;p1;cbor;dns_cbor;1;binvec;rf;n_estimators=250,max_depth=9,random_state=1633250459;;;1759471619;1759471928;158;4.216707971348494e-05;0.00011284561089662113
oscore;schc;;1024;p1;cbor;dns_cbor;1;binvec;rf;n_estimators=250,max_depth=9,random_state=1633250459;;;1759471619;1759471928;159;3.974839886055216e-05;9.32599762546069e-05
oscore;schc;;1024;p1;cbor;dns_cbor;1;binvec;rf;n_estimators=250,max_depth=9,random_state=1633250459;;;1759471619;1759471928;160;3.629484700045879e-05;6.589839409808507e-05
oscore;schc;;1024;p1;cbor;dns_cbor;1;binvec;rf;n_estimators=250,max_depth=9,random_state=1633250459;;;1759471619;1759471928;161;5.0234893307993556e-05;9.778258446747951e-05
oscore;schc;;1024;p1;cbor;dns_cbor;1;binvec;rf;n_estimators=250,max_depth=9,random_state=1633250459;;;1759471619;1759471928;162;4.017754435174092e-05;0.00010593254082105374
oscore;schc;;1024;p1;cbor;dns_cbor;1;binvec;rf;n_estimators=250,max_depth=9,random_state=1633250459;;;1759471619;1759471928;163;4.841188509541221e-05;0.00016019605085529796
oscore;schc;;1024;p1;cbor;dns_cbor;1;binvec;rf;n_estimators=250,max_depth=9,random_state=1633250459;;;1759471619;1759471928;164;4.428692497905445e-05;9.05323939571346e-05
oscore;schc;;1024;p1;cbor;dns_cbor;1;binvec;rf;n_estimators=250,max_depth=9,random_state=1633250459;;;1759471619;1759471928;165;4.897076756018068e-05;0.00014892247073877517
oscore;schc;;1024;p1;cbor;dns_cbor;1;binvec;rf;n_estimators=250,max_depth=9,random_state=1633250459;;;1759471619;1759471928;166;3.2418284927641174e-05;5.880918429447602e-05
oscore;schc;;1024;p1;cbor;dns_cbor;1;binvec;rf;n_estimators=250,max_depth=9,random_state=1633250459;;;1759471619;1759471928;167;5.177599560633128e-05;0.00012113512398333335
oscore;schc;;1024;p1;cbor;dns_cbor;1;binvec;rf;n_estimators=250,max_depth=9,random_state=1633250459;;;1759471619;1759471928;168;4.086542890166574e-05;7.946596412745113e-05
oscore;schc;;1024;p1;cbor;dns_cbor;1;binvec;rf;n_estimators=250,max_depth=9,random_state=1633250459;;;1759471619;1759471928;169;5.081512238650036e-05;0.00012955659519026303
oscore;schc;;1024;p1;cbor;dns_cbor;1;binvec;rf;n_estimators=250,max_depth=9,random_state=1633250459;;;1759471619;1759471928;170;5.0573456801326385e-05;0.00014975988011815285
oscore;schc;;1024;p1;cbor;dns_cbor;1;binvec;rf;n_estimators=250,max_depth=9,random_state=1633250459;;;1759471619;1759471928;171;4.425234930954582e-05;8.802110974312685e-05
oscore;schc;;1024;p1;cbor;dns_cbor;1;binvec;rf;n_estimators=250,max_depth=9,random_state=1633250459;;;1759471619;1759471928;172;4.8276907451530805e-05;0.00011459276399382468
oscore;schc;;1024;p1;cbor;dns_cbor;1;binvec;rf;n_estimators=250,max_depth=9,random_state=1633250459;;;1759471619;1759471928;173;4.911517088425227e-05;0.00011577901656406107
oscore;schc;;1024;p1;cbor;dns_cbor;1;binvec;rf;n_estimators=250,max_depth=9,random_state=1633250459;;;1759471619;1759471928;174;3.677465921394603e-05;9.290622915938654e-05
oscore;schc;;1024;p1;cbor;dns_cbor;1;binvec;rf;n_estimators=250,max_depth=9,random_state=1633250459;;;1759471619;1759471928;175;3.783346703424022e-05;6.204019037111154e-05
oscore;schc;;1024;p1;cbor;dns_cbor;1;binvec;rf;n_estimators=250,max_depth=9,random_state=1633250459;;;1759471619;1759471928;176;4.029105951462688e-05;9.427144008678108e-05
oscore;schc;;1024;p1;cbor;dns_cbor;1;binvec;rf;n_estimators=250,max_depth=9,random_state=1633250459;;;1759471619;1759471928;177;3.6183671732791335e-05;8.105985588633057e-05
oscore;schc;;1024;p1;cbor;dns_cbor;1;binvec;rf;n_estimators=250,max_depth=9,random_state=1633250459;;;1759471619;1759471928;178;4.938022865082206e-05;0.0001077182718063371
oscore;schc;;1024;p1;cbor;dns_cbor;1;binvec;rf;n_estimators=250,max_depth=9,random_state=1633250459;;;1759471619;1759471928;179;3.9348098903416886e-05;9.408078254851959e-05
oscore;schc;;1024;p1;cbor;dns_cbor;1;binvec;rf;n_estimators=250,max_depth=9,random_state=1633250459;;;1759471619;1759471928;180;3.293257179830179e-05;7.614772413121724e-05
oscore;schc;;1024;p1;cbor;dns_cbor;1;binvec;rf;n_estimators=250,max_depth=9,random_state=1633250459;;;1759471619;1759471928;181;4.9976653324833344e-05;0.00015133178802856224
oscore;schc;;1024;p1;cbor;dns_cbor;1;binvec;rf;n_estimators=250,max_depth=9,random_state=1633250459;;;1759471619;1759471928;182;3.693873682547948e-05;7.310350778458626e-05
oscore;schc;;1024;p1;cbor;dns_cbor;1;binvec;rf;n_estimators=250,max_depth=9,random_state=1633250459;;;1759471619;1759471928;183;3.504449110190717e-05;7.156593693811281e-05
oscore;schc;;1024;p1;cbor;dns_cbor;1;binvec;rf;n_estimators=250,max_depth=9,random_state=1633250459;;;1759471619;1759471928;184;3.4164475087979265e-05;6.11120780763084e-05
oscore;schc;;1024;p1;cbor;dns_cbor;1;binvec;rf;n_estimators=250,max_depth=9,random_state=1633250459;;;1759471619;1759471928;185;3.898715443015056e-05;6.708066624797168e-05
oscore;schc;;1024;p1;cbor;dns_cbor;1;binvec;rf;n_estimators=250,max_depth=9,random_state=1633250459;;;1759471619;1759471928;186;4.721077700060047e-05;0.00011833054494148144
oscore;schc;;1024;p1;cbor;dns_cbor;1;binvec;rf;n_estimators=250,max_depth=9,random_state=1633250459;;;1759471619;1759471928;187;3.5528003397319084e-05;9.961750317975778e-05
oscore;schc;;1024;p1;cbor;dns_cbor;1;binvec;rf;n_estimators=250,max_depth=9,random_state=1633250459;;;1759471619;1759471928;188;4.024326179826283e-05;7.176425796505506e-05
oscore;schc;;1024;p1;cbor;dns_cbor;1;binvec;rf;n_estimators=250,max_depth=9,random_state=1633250459;;;1759471619;1759471928;189;4.130747176868948e-05;8.458562249693868e-05
oscore;schc;;1024;p1;cbor;dns_cbor;1;binvec;rf;n_estimators=250,max_depth=9,random_state=1633250459;;;1759471619;1759471928;190;3.4060043255838685e-05;6.390179311938573e-05
oscore;schc;;1024;p1;cbor;dns_cbor;1;binvec;rf;n_estimators=250,max_depth=9,random_state=1633250459;;;1759471619;1759471928;191;3.5215862520902005e-05;7.088233273727334e-05
oscore;schc;;1024;p1;cbor;dns_cbor;1;binvec;rf;n_estimators=250,max_depth=9,random_state=1633250459;;;1759471619;1759471928;192;3.897009619233707e-05;7.639896462611349e-05
oscore;schc;;1024;p1;cbor;dns_cbor;1;binvec;rf;n_estimators=250,max_depth=9,random_state=1633250459;;;1759471619;1759471928;193;3.026998182094558e-05;5.226744583406582e-05
oscore;schc;;1024;p1;cbor;dns_cbor;1;binvec;rf;n_estimators=250,max_depth=9,random_state=1633250459;;;1759471619;1759471928;194;4.14728053360272e-05;9.189673834355916e-05
oscore;schc;;1024;p1;cbor;dns_cbor;1;binvec;rf;n_estimators=250,max_depth=9,random_state=1633250459;;;1759471619;1759471928;195;3.4917357848614345e-05;6.629004780068651e-05
oscore;schc;;1024;p1;cbor;dns_cbor;1;binvec;rf;n_estimators=250,max_depth=9,random_state=1633250459;;;1759471619;1759471928;196;4.3147922288531203e-05;8.365939751360226e-05
oscore;schc;;1024;p1;cbor;dns_cbor;1;binvec;rf;n_estimators=250,max_depth=9,random_state=1633250459;;;1759471619;1759471928;197;4.40818020437162e-05;9.024748602892962e-05
oscore;schc;;1024;p1;cbor;dns_cbor;1;binvec;rf;n_estimators=250,max_depth=9,random_state=1633250459;;;1759471619;1759471928;198;3.886318582296899e-05;6.237619911205107e-05
oscore;schc;;1024;p1;cbor;dns_cbor;1;binvec;rf;n_estimators=250,max_depth=9,random_state=1633250459;;;1759471619;1759471928;199;3.872858431606199e-05;6.721647075245105e-05
oscore;schc;;1024;p1;cbor;dns_cbor;1;binvec;rf;n_estimators=250,max_depth=9,random_state=1633250459;;;1759471619;1759471928;200;6.129071229647502e-05;0.00013429638418590193
oscore;schc;;1024;p1;cbor;dns_cbor;1;binvec;rf;n_estimators=250,max_depth=9,random_state=1633250459;;;1759471619;1759471928;201;3.847998607266342e-05;7.708640252722013e-05
oscore;schc;;1024;p1;cbor;dns_cbor;1;binvec;rf;n_estimators=250,max_depth=9,random_state=1633250459;;;1759471619;1759471928;202;4.019024925360484e-05;9.551045474036957e-05
oscore;schc;;1024;p1;cbor;dns_cbor;1;binvec;rf;n_estimators=250,max_depth=9,random_state=1633250459;;;1759471619;1759471928;203;3.969217083674987e-05;9.106294390611453e-05
oscore;schc;;1024;p1;cbor;dns_cbor;1;binvec;rf;n_estimators=250,max_depth=9,random_state=1633250459;;;1759471619;1759471928;204;4.614894683876236e-05;0.00012569100783540958
oscore;schc;;1024;p1;cbor;dns_cbor;1;binvec;rf;n_estimators=250,max_depth=9,random_state=1633250459;;;1759471619;1759471928;205;4.724732274733472e-05;0.0001331079851995016
oscore;schc;;1024;p1;cbor;dns_cbor;1;binvec;rf;n_estimators=250,max_depth=9,random_state=1633250459;;;1759471619;1759471928;206;4.042541772807669e-05;0.00013644103217283246
oscore;schc;;1024;p1;cbor;dns_cbor;1;binvec;rf;n_estimators=250,max_depth=9,random_state=1633250459;;;1759471619;1759471928;207;3.091357972249096e-05;6.01227903100399e-05
oscore;schc;;1024;p1;cbor;dns_cbor;1;binvec;rf;n_estimators=250,max_depth=9,random_state=1633250459;;;1759471619;1759471928;208;3.981376471563049e-05;9.316354286724962e-05
oscore;schc;;1024;p1;cbor;dns_cbor;1;binvec;rf;n_estimators=250,max_depth=9,random_state=1633250459;;;1759471619;1759471928;209;3.954287500268941e-05;0.00011679843975016325
oscore;schc;;1024;p1;cbor;dns_cbor;1;binvec;rf;n_estimators=250,max_depth=9,random_state=1633250459;;;1759471619;1759471928;210;4.602496838278925e-05;8.473389848704471e-05
oscore;schc;;1024;p1;cbor;dns_cbor;1;binvec;rf;n_estimators=250,max_depth=9,random_state=1633250459;;;1759471619;1759471928;211;3.43897275257341e-05;7.189836016567331e-05
oscore;schc;;1024;p1;cbor;dns_cbor;1;binvec;rf;n_estimators=250,max_depth=9,random_state=1633250459;;;1759471619;1759471928;212;3.798524338448658e-05;8.592348427297819e-05
oscore;schc;;1024;p1;cbor;dns_cbor;1;binvec;rf;n_estimators=250,max_depth=9,random_state=1633250459;;;1759471619;1759471928;213;4.550144100779912e-05;0.00010415622708608844
oscore;schc;;1024;p1;cbor;dns_cbor;1;binvec;rf;n_estimators=250,max_depth=9,random_state=1633250459;;;1759471619;1759471928;214;4.3901573384865736e-05;8.923497099231088e-05
oscore;schc;;1024;p1;cbor;dns_cbor;1;binvec;rf;n_estimators=250,max_depth=9,random_state=1633250459;;;1759471619;1759471928;215;4.2071127899927734e-05;0.00010969008402156568
oscore;schc;;1024;p1;cbor;dns_cbor;1;binvec;rf;n_estimators=250,max_depth=9,random_state=1633250459;;;1759471619;1759471928;216;3.2085967253120916e-05;5.3283393570915846e-05
oscore;schc;;1024;p1;cbor;dns_cbor;1;binvec;rf;n_estimators=250,max_depth=9,random_state=1633250459;;;1759471619;1759471928;217;5.0215731744299864e-05;0.00010956704875955033
oscore;schc;;1024;p1;cbor;dns_cbor;1;binvec;rf;n_estimators=250,max_depth=9,random_state=1633250459;;;1759471619;1759471928;218;4.4322293627996944e-05;0.000128495279183026
oscore;schc;;1024;p1;cbor;dns_cbor;1;binvec;rf;n_estimators=250,max_depth=9,random_state=1633250459;;;1759471619;1759471928;219;3.8474090197183975e-05;7.014283700691198e-05
oscore;schc;;1024;p1;cbor;dns_cbor;1;binvec;rf;n_estimators=250,max_depth=9,random_state=1633250459;;;1759471619;1759471928;220;4.1995457916698904e-05;9.32775472925293e-05
oscore;schc;;1024;p1;cbor;dns_cbor;1;binvec;rf;n_estimators=250,max_depth=9,random_state=1633250459;;;1759471619;1759471928;221;3.682655653300339e-05;8.3346125916682e-05
oscore;schc;;1024;p1;cbor;dns_cbor;1;binvec;rf;n_estimators=250,max_depth=9,random_state=1633250459;;;1759471619;1759471928;222;5.1329410272751295e-05;0.00014180294377468924
oscore;schc;;1024;p1;cbor;dns_cbor;1;binvec;rf;n_estimators=250,max_depth=9,random_state=1633250459;;;1759471619;1759471928;223;4.360631242652119e-05;0.00011388957084370952
oscore;schc;;1024;p1;cbor;dns_cbor;1;binvec;rf;n_estimators=250,max_depth=9,random_state=1633250459;;;1759471619;1759471928;224;3.8875855947397056e-05;0.00011065866496446568
oscore;schc;;1024;p1;cbor;dns_cbor;1;binvec;rf;n_estimators=250,max_depth=9,random_state=1633250459;;;1759471619;1759471928;225;4.9068660604200084e-05;0.00012475313862096992
oscore;schc;;1024;p1;cbor;dns_cbor;1;binvec;rf;n_estimators=250,max_depth=9,random_state=1633250459;;;1759471619;1759471928;226;4.360607671275754e-05;8.041569042704702e-05
oscore;schc;;1024;p1;cbor;dns_cbor;1;binvec;rf;n_estimators=250,max_depth=9,random_state=1633250459;;;1759471619;1759471928;227;4.175043550450508e-05;0.00011442216298374873
oscore;schc;;1024;p1;cbor;dns_cbor;1;binvec;rf;n_estimators=250,max_depth=9,random_state=1633250459;;;1759471619;1759471928;228;3.819905511986335e-05;8.071174265233486e-05
oscore;schc;;1024;p1;cbor;dns_cbor;1;binvec;rf;n_estimators=250,max_depth=9,random_state=1633250459;;;1759471619;1759471928;229;4.791435882345072e-05;0.00011317554033208864
oscore;schc;;1024;p1;cbor;dns_cbor;1;binvec;rf;n_estimators=250,max_depth=9,random_state=1633250459;;;1759471619;1759471928;230;4.3239127745747103e-05;0.00010668847233497938
oscore;schc;;1024;p1;cbor;dns_cbor;1;binvec;rf;n_estimators=250,max_depth=9,random_state=1633250459;;;1759471619;1759471928;231;2.8928406612925616e-05;5.6033586171474393e-05
oscore;schc;;1024;p1;cbor;dns_cbor;1;binvec;rf;n_estimators=250,max_depth=9,random_state=1633250459;;;1759471619;1759471928;232;3.467707679372238e-05;8.82175738462544e-05
oscore;schc;;1024;p1;cbor;dns_cbor;1;binvec;rf;n_estimators=250,max_depth=9,random_state=1633250459;;;1759471619;1759471928;233;3.975326920377802e-05;7.167678556591167e-05
oscore;schc;;1024;p1;cbor;dns_cbor;1;binvec;rf;n_estimators=250,max_depth=9,random_state=1633250459;;;1759471619;1759471928;234;5.905888678418993e-05;0.00013204107851191773
oscore;schc;;1024;p1;cbor;dns_cbor;1;binvec;rf;n_estimators=250,max_depth=9,random_state=1633250459;;;1759471619;1759471928;235;4.25868509505307e-05;8.799850822917169e-05
oscore;schc;;1024;p1;cbor;dns_cbor;1;binvec;rf;n_estimators=250,max_depth=9,random_state=1633250459;;;1759471619;1759471928;236;4.4885203451142694e-05;0.000113380486137195
oscore;schc;;1024;p1;cbor;dns_cbor;1;binvec;rf;n_estimators=250,max_depth=9,random_state=1633250459;;;1759471619;1759471928;237;2.8285384635957536e-05;6.528285295605709e-05
oscore;schc;;1024;p1;cbor;dns_cbor;1;binvec;rf;n_estimators=250,max_depth=9,random_state=1633250459;;;1759471619;1759471928;238;5.138317580401279e-05;0.00011488949519600375
oscore;schc;;1024;p1;cbor;dns_cbor;1;binvec;rf;n_estimators=250,max_depth=9,random_state=1633250459;;;1759471619;1759471928;239;4.086987200457514e-05;7.32403714839796e-05
oscore;schc;;1024;p1;cbor;dns_cbor;1;binvec;rf;n_estimators=250,max_depth=9,random_state=1633250459;;;1759471619;1759471928;240;3.2007424219579604e-05;6.607324334733531e-05
oscore;schc;;1024;p1;cbor;dns_cbor;1;binvec;rf;n_estimators=250,max_depth=9,random_state=1633250459;;;1759471619;1759471928;241;3.7063949833451984e-05;6.799954602098912e-05
oscore;schc;;1024;p1;cbor;dns_cbor;1;binvec;rf;n_estimators=250,max_depth=9,random_state=1633250459;;;1759471619;1759471928;242;3.040401339082887e-05;6.108390678725276e-05
oscore;schc;;1024;p1;cbor;dns_cbor;1;binvec;rf;n_estimators=250,max_depth=9,random_state=1633250459;;;1759471619;1759471928;243;4.036945003897451e-05;8.249905841497983e-05
oscore;schc;;1024;p1;cbor;dns_cbor;1;binvec;rf;n_estimators=250,max_depth=9,random_state=1633250459;;;1759471619;1759471928;244;4.118793588759279e-05;6.983463527323203e-05
oscore;schc;;1024;p1;cbor;dns_cbor;1;binvec;rf;n_estimators=250,max_depth=9,random_state=1633250459;;;1759471619;1759471928;245;3.97697013659097e-05;8.433744438335123e-05
oscore;schc;;1024;p1;cbor;dns_cbor;1;binvec;rf;n_estimators=250,max_depth=9,random_state=1633250459;;;1759471619;1759471928;246;3.4861425227736544e-05;8.862131767377807e-05
oscore;schc;;1024;p1;cbor;dns_cbor;1;binvec;rf;n_estimators=250,max_depth=9,random_state=1633250459;;;1759471619;1759471928;247;3.46413535054036e-05;6.893546579453085e-05
oscore;schc;;1024;p1;cbor;dns_cbor;1;binvec;rf;n_estimators=250,max_depth=9,random_state=1633250459;;;1759471619;1759471928;248;3.0118584261644696e-05;5.7048970287843046e-05
oscore;schc;;1024;p1;cbor;dns_cbor;1;binvec;rf;n_estimators=250,max_depth=9,random_state=1633250459;;;1759471619;1759471928;249;3.537716501722011e-05;6.628638116811027e-05
oscore;schc;;1024;p1;cbor;dns_cbor;1;binvec;rf;n_estimators=250,max_depth=9,random_state=1633250459;;;1759471619;1759471928;250;3.855859046326725e-05;7.040118319416857e-05
oscore;schc;;1024;p1;cbor;dns_cbor;1;binvec;rf;n_estimators=250,max_depth=9,random_state=1633250459;;;1759471619;1759471928;251;3.0377164569904752e-05;6.715221735160973e-05
oscore;schc;;1024;p1;cbor;dns_cbor;1;binvec;rf;n_estimators=250,max_depth=9,random_state=1633250459;;;1759471619;1759471928;252;4.661887326023379e-05;9.954997114618064e-05
oscore;schc;;1024;p1;cbor;dns_cbor;1;binvec;rf;n_estimators=250,max_depth=9,random_state=1633250459;;;1759471619;1759471928;253;3.4599726799890344e-05;7.007318282444882e-05
oscore;schc;;1024;p1;cbor;dns_cbor;1;binvec;rf;n_estimators=250,max_depth=9,random_state=1633250459;;;1759471619;1759471928;254;3.5147491189759474e-05;6.348934625650033e-05
oscore;schc;;1024;p1;cbor;dns_cbor;1;binvec;rf;n_estimators=250,max_depth=9,random_state=1633250459;;;1759471619;1759471928;255;3.571518940004437e-05;6.909566252248703e-05
oscore;schc;;1024;p1;cbor;dns_cbor;1;binvec;rf;n_estimators=250,max_depth=9,random_state=1633250459;;;1759471619;1759471928;256;4.181255561969539e-05;0.00011740200110598078
oscore;schc;;1024;p1;cbor;dns_cbor;1;binvec;rf;n_estimators=250,max_depth=9,random_state=1633250459;;;1759471619;1759471928;257;4.807715739890338e-05;0.00010943073174584782
oscore;schc;;1024;p1;cbor;dns_cbor;1;binvec;rf;n_estimators=250,max_depth=9,random_state=1633250459;;;1759471619;1759471928;258;5.69515835259746e-05;0.0001780264358662982
oscore;schc;;1024;p1;cbor;dns_cbor;1;binvec;rf;n_estimators=250,max_depth=9,random_state=1633250459;;;1759471619;1759471928;259;4.874811657406901e-05;9.712378602060429e-05
oscore;schc;;1024;p1;cbor;dns_cbor;1;binvec;rf;n_estimators=250,max_depth=9,random_state=1633250459;;;1759471619;1759471928;260;4.37308271320828e-05;9.221452732450505e-05
oscore;schc;;1024;p1;cbor;dns_cbor;1;binvec;rf;n_estimators=250,max_depth=9,random_state=1633250459;;;1759471619;1759471928;261;3.253814942453568e-05;7.16998081144229e-05
oscore;schc;;1024;p1;cbor;dns_cbor;1;binvec;rf;n_estimators=250,max_depth=9,random_state=1633250459;;;1759471619;1759471928;262;5.825222616753836e-05;0.00015307450963120505
oscore;schc;;1024;p1;cbor;dns_cbor;1;binvec;rf;n_estimators=250,max_depth=9,random_state=1633250459;;;1759471619;1759471928;263;4.837509735811267e-05;0.00010784605119441585
oscore;schc;;1024;p1;cbor;dns_cbor;1;binvec;rf;n_estimators=250,max_depth=9,random_state=1633250459;;;1759471619;1759471928;264;4.083410454423313e-05;0.00012367716681508105
oscore;schc;;1024;p1;cbor;dns_cbor;1;binvec;rf;n_estimators=250,max_depth=9,random_state=1633250459;;;1759471619;1759471928;265;4.3889264633389223e-05;0.0001169395044722728
oscore;schc;;1024;p1;cbor;dns_cbor;1;binvec;rf;n_estimators=250,max_depth=9,random_state=1633250459;;;1759471619;1759471928;266;3.19434241832862e-05;5.81027843152893e-05
oscore;schc;;1024;p1;cbor;dns_cbor;1;binvec;rf;n_estimators=250,max_depth=9,random_state=1633250459;;;1759471619;1759471928;267;4.530563349633797e-05;7.768342546407582e-05
oscore;schc;;1024;p1;cbor;dns_cbor;1;binvec;rf;n_estimators=250,max_depth=9,random_state=1633250459;;;1759471619;1759471928;268;3.25924278752735e-05;7.516483770077767e-05
oscore;schc;;1024;p1;cbor;dns_cbor;1;binvec;rf;n_estimators=250,max_depth=9,random_state=1633250459;;;1759471619;1759471928;269;3.1091735366691284e-05;6.585131254093876e-05
oscore;schc;;1024;p1;cbor;dns_cbor;1;binvec;rf;n_estimators=250,max_depth=9,random_state=1633250459;;;1759471619;1759471928;270;4.447489896631649e-05;9.692517780168939e-05
oscore;schc;;1024;p1;cbor;dns_cbor;1;binvec;rf;n_estimators=250,max_depth=9,random_state=1633250459;;;1759471619;1759471928;271;3.9369006253519216e-05;8.266115933966717e-05
oscore;schc;;1024;p1;cbor;dns_cbor;1;binvec;rf;n_estimators=250,max_depth=9,random_state=1633250459;;;1759471619;1759471928;272;3.353787225775607e-05;6.741107638043734e-05
oscore;schc;;1024;p1;cbor;dns_cbor;1;binvec;rf;n_estimators=250,max_depth=9,random_state=1633250459;;;1759471619;1759471928;273;3.4567024491053326e-05;9.221396822911324e-05
oscore;schc;;1024;p1;cbor;dns_cbor;1;binvec;rf;n_estimators=250,max_depth=9,random_state=1633250459;;;1759471619;1759471928;274;3.4201031965426616e-05;8.455527156758544e-05
oscore;schc;;1024;p1;cbor;dns_cbor;1;binvec;rf;n_estimators=250,max_depth=9,random_state=1633250459;;;1759471619;1759471928;275;5.002348345846018e-05;0.0001208395726719262
oscore;schc;;1024;p1;cbor;dns_cbor;1;binvec;rf;n_estimators=250,max_depth=9,random_state=1633250459;;;1759471619;1759471928;276;4.55239146393458e-05;0.00010691634567414632
oscore;schc;;1024;p1;cbor;dns_cbor;1;binvec;rf;n_estimators=250,max_depth=9,random_state=1633250459;;;1759471619;1759471928;277;4.7176328298274454e-05;9.646291081308206e-05
oscore;schc;;1024;p1;cbor;dns_cbor;1;binvec;rf;n_estimators=250,max_depth=9,random_state=1633250459;;;1759471619;1759471928;278;4.678218847796853e-05;0.00010722084382259226
oscore;schc;;1024;p1;cbor;dns_cbor;1;binvec;rf;n_estimators=250,max_depth=9,random_state=1633250459;;;1759471619;1759471928;279;3.834080211054975e-05;8.576750496221211e-05
oscore;schc;;1024;p1;cbor;dns_cbor;1;binvec;rf;n_estimators=250,max_depth=9,random_state=1633250459;;;1759471619;1759471928;280;3.4926620623010886e-05;9.425693973038423e-05
oscore;schc;;1024;p1;cbor;dns_cbor;1;binvec;rf;n_estimators=250,max_depth=9,random_state=1633250459;;;1759471619;1759471928;281;3.0476184454607984e-05;5.803565417100327e-05
oscore;schc;;1024;p1;cbor;dns_cbor;1;binvec;rf;n_estimators=250,max_depth=9,random_state=1633250459;;;1759471619;1759471928;282;3.524331723123376e-05;6.941606387249403e-05
oscore;schc;;1024;p1;cbor;dns_cbor;1;binvec;rf;n_estimators=250,max_depth=9,random_state=1633250459;;;1759471619;1759471928;283;5.7834851906176416e-05;0.0003013456514468383
oscore;schc;;1024;p1;cbor;dns_cbor;1;binvec;rf;n_estimators=250,max_depth=9,random_state=1633250459;;;1759471619;1759471928;284;3.166814389875802e-05;6.808142326318241e-05
oscore;schc;;1024;p1;cbor;dns_cbor;1;binvec;rf;n_estimators=250,max_depth=9,random_state=1633250459;;;1759471619;1759471928;285;4.0092468949586033e-05;0.0001147889913373815
oscore;schc;;1024;p1;cbor;dns_cbor;1;binvec;rf;n_estimators=250,max_depth=9,random_state=1633250459;;;1759471619;1759471928;286;3.764888236941001e-05;0.00010690684525889407
oscore;schc;;1024;p1;cbor;dns_cbor;1;binvec;rf;n_estimators=250,max_depth=9,random_state=1633250459;;;1759471619;1759471928;287;6.946215659779233e-05;0.000355515181252501
oscore;schc;;1024;p1;cbor;dns_cbor;1;binvec;rf;n_estimators=250,max_depth=9,random_state=1633250459;;;1759471619;1759471928;288;3.111696558735453e-05;6.754242187705686e-05
oscore;schc;;1024;p1;cbor;dns_cbor;1;binvec;rf;n_estimators=250,max_depth=9,random_state=1633250459;;;1759471619;1759471928;289;5.20030195242099e-05;0.00032604307533563284
oscore;schc;;1024;p1;cbor;dns_cbor;1;binvec;rf;n_estimators=250,max_depth=9,random_state=1633250459;;;1759471619;1759471928;290;6.367924184198758e-05;0.00028682499371480654
oscore;schc;;1024;p1;cbor;dns_cbor;1;binvec;rf;n_estimators=250,max_depth=9,random_state=1633250459;;;1759471619;1759471928;291;4.829859500726049e-05;8.45014163611286e-05
oscore;schc;;1024;p1;cbor;dns_cbor;1;binvec;rf;n_estimators=250,max_depth=9,random_state=1633250459;;;1759471619;1759471928;292;4.4087680890812137e-05;7.739082571011327e-05
oscore;schc;;1024;p1;cbor;dns_cbor;1;binvec;rf;n_estimators=250,max_depth=9,random_state=1633250459;;;1759471619;1759471928;293;3.1768472781155674e-05;5.927022825314312e-05
oscore;schc;;1024;p1;cbor;dns_cbor;1;binvec;rf;n_estimators=250,max_depth=9,random_state=1633250459;;;1759471619;1759471928;294;3.468778758296099e-05;6.751655995210265e-05
oscore;schc;;1024;p1;cbor;dns_cbor;1;binvec;rf;n_estimators=250,max_depth=9,random_state=1633250459;;;1759471619;1759471928;295;4.8754737244219464e-05;7.701453032267205e-05
oscore;schc;;1024;p1;cbor;dns_cbor;1;binvec;rf;n_estimators=250,max_depth=9,random_state=1633250459;;;1759471619;1759471928;296;7.252095715317537e-05;0.0003486886869290284
oscore;schc;;1024;p1;cbor;dns_cbor;1;binvec;rf;n_estimators=250,max_depth=9,random_state=1633250459;;;1759471619;1759471928;297;4.8140683130176175e-05;0.0001266930229399986
oscore;schc;;1024;p1;cbor;dns_cbor;1;binvec;rf;n_estimators=250,max_depth=9,random_state=1633250459;;;1759471619;1759471928;298;6.51343476629012e-05;0.00036808815193563766
oscore;schc;;1024;p1;cbor;dns_cbor;1;binvec;rf;n_estimators=250,max_depth=9,random_state=1633250459;;;1759471619;1759471928;299;3.62121557277458e-05;9.314184773153519e-05
oscore;schc;;1024;p1;cbor;dns_cbor;1;binvec;rf;n_estimators=250,max_depth=9,random_state=1633250459;;;1759471619;1759471928;300;3.939758880871322e-05;7.151019075228381e-05
oscore;schc;;1024;p1;cbor;dns_cbor;1;binvec;rf;n_estimators=250,max_depth=9,random_state=1633250459;;;1759471619;1759471928;301;5.8429926133210445e-05;0.00029917483546064915
oscore;schc;;1024;p1;cbor;dns_cbor;1;binvec;rf;n_estimators=250,max_depth=9,random_state=1633250459;;;1759471619;1759471928;302;4.213127279549965e-05;9.438163059262817e-05
oscore;schc;;1024;p1;cbor;dns_cbor;1;binvec;rf;n_estimators=250,max_depth=9,random_state=1633250459;;;1759471619;1759471928;303;4.886070986474246e-05;9.73811791354642e-05
oscore;schc;;1024;p1;cbor;dns_cbor;1;binvec;rf;n_estimators=250,max_depth=9,random_state=1633250459;;;1759471619;1759471928;304;4.099739196670888e-05;0.00010822141131429407
oscore;schc;;1024;p1;cbor;dns_cbor;1;binvec;rf;n_estimators=250,max_depth=9,random_state=1633250459;;;1759471619;1759471928;305;3.547347385565654e-05;7.986535761213809e-05
oscore;schc;;1024;p1;cbor;dns_cbor;1;binvec;rf;n_estimators=250,max_depth=9,random_state=1633250459;;;1759471619;1759471928;306;3.5903025582774856e-05;8.503378191992418e-05
oscore;schc;;1024;p1;cbor;dns_cbor;1;binvec;rf;n_estimators=250,max_depth=9,random_state=1633250459;;;1759471619;1759471928;307;3.212824013330374e-05;7.068532427695775e-05
oscore;schc;;1024;p1;cbor;dns_cbor;1;binvec;rf;n_estimators=250,max_depth=9,random_state=1633250459;;;1759471619;1759471928;308;3.315859057790036e-05;6.564006152613887e-05
oscore;schc;;1024;p1;cbor;dns_cbor;1;binvec;rf;n_estimators=250,max_depth=9,random_state=1633250459;;;1759471619;1759471928;309;3.29584292803079e-05;6.043144801273862e-05
oscore;schc;;1024;p1;cbor;dns_cbor;1;binvec;rf;n_estimators=250,max_depth=9,random_state=1633250459;;;1759471619;1759471928;310;2.71391242260849e-05;7.703376809190566e-05
oscore;schc;;1024;p1;cbor;dns_cbor;1;binvec;rf;n_estimators=250,max_depth=9,random_state=1633250459;;;1759471619;1759471928;311;3.9281919284989784e-05;8.973586669564796e-05
oscore;schc;;1024;p1;cbor;dns_cbor;1;binvec;rf;n_estimators=250,max_depth=9,random_state=1633250459;;;1759471619;1759471928;312;3.3241507213740744e-05;8.675994419714408e-05
oscore;schc;;1024;p1;cbor;dns_cbor;1;binvec;rf;n_estimators=250,max_depth=9,random_state=1633250459;;;1759471619;1759471928;313;7.134253896649856e-05;0.00044114572573138286
oscore;schc;;1024;p1;cbor;dns_cbor;1;binvec;rf;n_estimators=250,max_depth=9,random_state=1633250459;;;1759471619;1759471928;314;4.309971380080822e-05;9.046550188653917e-05
oscore;schc;;1024;p1;cbor;dns_cbor;1;binvec;rf;n_estimators=250,max_depth=9,random_state=1633250459;;;1759471619;1759471928;315;5.847944207023521e-05;0.00031610795852833265
oscore;schc;;1024;p1;cbor;dns_cbor;1;binvec;rf;n_estimators=250,max_depth=9,random_state=1633250459;;;1759471619;1759471928;316;4.434937544147365e-05;0.00010665698519662119
oscore;schc;;1024;p1;cbor;dns_cbor;1;binvec;rf;n_estimators=250,max_depth=9,random_state=1633250459;;;1759471619;1759471928;317;5.629295348563776e-05;0.00036123393008319826
oscore;schc;;1024;p1;cbor;dns_cbor;1;binvec;rf;n_estimators=250,max_depth=9,random_state=1633250459;;;1759471619;1759471928;318;6.320708602685963e-05;0.0003431397937952435
oscore;schc;;1024;p1;cbor;dns_cbor;1;binvec;rf;n_estimators=250,max_depth=9,random_state=1633250459;;;1759471619;1759471928;319;5.2333531087612807e-05;0.00029879677114255925
oscore;schc;;1024;p1;cbor;dns_cbor;1;binvec;rf;n_estimators=250,max_depth=9,random_state=1633250459;;;1759471619;1759471928;320;3.729002166371965e-05;7.434405408728864e-05
oscore;schc;;1024;p1;cbor;dns_cbor;1;binvec;rf;n_estimators=250,max_depth=9,random_state=1633250459;;;1759471619;1759471928;321;4.0350600251889824e-05;8.410934601141702e-05
oscore;schc;;1024;p1;cbor;dns_cbor;1;binvec;rf;n_estimators=250,max_depth=9,random_state=1633250459;;;1759471619;1759471928;322;3.6153372497085346e-05;7.001188020645119e-05
oscore;schc;;1024;p1;cbor;dns_cbor;1;binvec;rf;n_estimators=250,max_depth=9,random_state=1633250459;;;1759471619;1759471928;323;3.143602820858591e-05;6.399460562731404e-05
oscore;schc;;1024;p1;cbor;dns_cbor;1;binvec;rf;n_estimators=250,max_depth=9,random_state=1633250459;;;1759471619;1759471928;324;3.081449873275322e-05;6.168403687214688e-05
oscore;schc;;1024;p1;cbor;dns_cbor;1;binvec;rf;n_estimators=250,max_depth=9,random_state=1633250459;;;1759471619;1759471928;325;3.534396919963518e-05;6.657185511834824e-05
oscore;schc;;1024;p1;cbor;dns_cbor;1;binvec;rf;n_estimators=250,max_depth=9,random_state=1633250459;;;1759471619;1759471928;326;5.452234051132138e-05;0.0002111059233099783
oscore;schc;;1024;p1;cbor;dns_cbor;1;binvec;rf;n_estimators=250,max_depth=9,random_state=1633250459;;;1759471619;1759471928;327;2.631421145450393e-05;5.2105364298955074e-05
oscore;schc;;1024;p1;cbor;dns_cbor;1;binvec;rf;n_estimators=250,max_depth=9,random_state=1633250459;;;1759471619;1759471928;328;3.6853612023495706e-05;5.987791280630712e-05
oscore;schc;;1024;p1;cbor;dns_cbor;1;binvec;rf;n_estimators=250,max_depth=9,random_state=1633250459;;;1759471619;1759471928;329;4.398568848747128e-05;7.449012980718137e-05
oscore;schc;;1024;p1;cbor;dns_cbor;1;binvec;rf;n_estimators=250,max_depth=9,random_state=1633250459;;;1759471619;1759471928;330;2.841047997019697e-05;6.195417244396485e-05
oscore;schc;;1024;p1;cbor;dns_cbor;1;binvec;rf;n_estimators=250,max_depth=9,random_state=1633250459;;;1759471619;1759471928;331;2.8487442940182586e-05;5.6424737351819285e-05
oscore;schc;;1024;p1;cbor;dns_cbor;1;binvec;rf;n_estimators=250,max_depth=9,random_state=1633250459;;;1759471619;1759471928;332;3.271354565396608e-05;6.0912919227368644e-05
oscore;schc;;1024;p1;cbor;dns_cbor;1;binvec;rf;n_estimators=250,max_depth=9,random_state=1633250459;;;1759471619;1759471928;333;5.521983485388086e-05;0.00034682185970444075
oscore;schc;;1024;p1;cbor;dns_cbor;1;binvec;rf;n_estimators=250,max_depth=9,random_state=1633250459;;;1759471619;1759471928;334;3.8228186581500664e-05;7.78719669904665e-05
oscore;schc;;1024;p1;cbor;dns_cbor;1;binvec;rf;n_estimators=250,max_depth=9,random_state=1633250459;;;1759471619;1759471928;335;3.2959842666990325e-05;6.467354785676176e-05
oscore;schc;;1024;p1;cbor;dns_cbor;1;binvec;rf;n_estimators=250,max_depth=9,random_state=1633250459;;;1759471619;1759471928;336;2.988247668852624e-05;6.466381312526397e-05
oscore;schc;;1024;p1;cbor;dns_cbor;1;binvec;rf;n_estimators=250,max_depth=9,random_state=1633250459;;;1759471619;1759471928;337;3.5424809993944644e-05;7.014790075545162e-05
oscore;schc;;1024;p1;cbor;dns_cbor;1;binvec;rf;n_estimators=250,max_depth=9,random_state=1633250459;;;1759471619;1759471928;338;3.431315141697926e-05;6.0562688931840674e-05
oscore;schc;;1024;p1;cbor;dns_cbor;1;binvec;rf;n_estimators=250,max_depth=9,random_state=1633250459;;;1759471619;1759471928;339;2.911010480467212e-05;5.971645979356102e-05
oscore;schc;;1024;p1;cbor;dns_cbor;1;binvec;rf;n_estimators=250,max_depth=9,random_state=1633250459;;;1759471619;1759471928;340;2.8963913020168997e-05;5.86583195917916e-05
oscore;schc;;1024;p1;cbor;dns_cbor;1;binvec;rf;n_estimators=250,max_depth=9,random_state=1633250459;;;1759471619;1759471928;341;5.398343204420952e-05;0.00031032363518294193
oscore;schc;;1024;p1;cbor;dns_cbor;1;binvec;rf;n_estimators=250,max_depth=9,random_state=1633250459;;;1759471619;1759471928;342;3.4170772960502414e-05;7.238678182143021e-05
oscore;schc;;1024;p1;cbor;dns_cbor;1;binvec;rf;n_estimators=250,max_depth=9,random_state=1633250459;;;1759471619;1759471928;343;2.802356245794101e-05;6.098858844188745e-05
oscore;schc;;1024;p1;cbor;dns_cbor;1;binvec;rf;n_estimators=250,max_depth=9,random_state=1633250459;;;1759471619;1759471928;344;3.851279091017062e-05;6.748777819526833e-05
oscore;schc;;1024;p1;cbor;dns_cbor;1;binvec;rf;n_estimators=250,max_depth=9,random_state=1633250459;;;1759471619;1759471928;345;3.07057784280336e-05;5.3477715710657294e-05
oscore;schc;;1024;p1;cbor;dns_cbor;1;binvec;rf;n_estimators=250,max_depth=9,random_state=1633250459;;;1759471619;1759471928;346;3.266039103002353e-05;6.366016632242256e-05
oscore;schc;;1024;p1;cbor;dns_cbor;1;binvec;rf;n_estimators=250,max_depth=9,random_state=1633250459;;;1759471619;1759471928;347;3.520970352481007e-05;6.362340637702838e-05
oscore;schc;;1024;p1;cbor;dns_cbor;1;binvec;rf;n_estimators=250,max_depth=9,random_state=1633250459;;;1759471619;1759471928;348;2.7971231546352354e-05;5.6445922840158e-05
oscore;schc;;1024;p1;cbor;dns_cbor;1;binvec;rf;n_estimators=250,max_depth=9,random_state=1633250459;;;1759471619;1759471928;349;2.9549112364904085e-05;6.679410486304498e-05
oscore;schc;;1024;p1;cbor;dns_cbor;1;binvec;rf;n_estimators=250,max_depth=9,random_state=1633250459;;;1759471619;1759471928;350;9.573848215995515e-05;0.0006872506742327692
oscore;schc;;1024;p1;cbor;dns_cbor;1;binvec;rf;n_estimators=250,max_depth=9,random_state=1633250459;;;1759471619;1759471928;351;3.781043304896896e-05;7.251283025335765e-05
oscore;schc;;1024;p1;cbor;dns_cbor;1;binvec;rf;n_estimators=250,max_depth=9,random_state=1633250459;;;1759471619;1759471928;352;4.985242232022914e-05;0.00031152554821314247
oscore;schc;;1024;p1;cbor;dns_cbor;1;binvec;rf;n_estimators=250,max_depth=9,random_state=1633250459;;;1759471619;1759471928;353;3.0544719674953214e-05;5.927362380657126e-05
oscore;schc;;1024;p1;cbor;dns_cbor;1;binvec;rf;n_estimators=250,max_depth=9,random_state=1633250459;;;1759471619;1759471928;354;2.9637777077235117e-05;6.168761758661253e-05
oscore;schc;;1024;p1;cbor;dns_cbor;1;binvec;rf;n_estimators=250,max_depth=9,random_state=1633250459;;;1759471619;1759471928;355;7.19184822389519e-05;0.00047002405923397627
oscore;schc;;1024;p1;cbor;dns_cbor;1;binvec;rf;n_estimators=250,max_depth=9,random_state=1633250459;;;1759471619;1759471928;356;4.9973473688114074e-05;0.00035760710683131134
oscore;schc;;1024;p1;cbor;dns_cbor;1;binvec;rf;n_estimators=250,max_depth=9,random_state=1633250459;;;1759471619;1759471928;357;3.680787578100976e-05;6.80370976531232e-05
oscore;schc;;1024;p1;cbor;dns_cbor;1;binvec;rf;n_estimators=250,max_depth=9,random_state=1633250459;;;1759471619;1759471928;358;3.2896142375574504e-05;6.926035705102041e-05
oscore;schc;;1024;p1;cbor;dns_cbor;1;binvec;rf;n_estimators=250,max_depth=9,random_state=1633250459;;;1759471619;1759471928;359;2.316825876333199e-05;5.4021579074604575e-05
oscore;schc;;1024;p1;cbor;dns_cbor;1;binvec;rf;n_estimators=250,max_depth=9,random_state=1633250459;;;1759471619;1759471928;360;5.828441128569685e-05;0.00034534638293035193
oscore;schc;;1024;p1;cbor;dns_cbor;1;binvec;rf;n_estimators=250,max_depth=9,random_state=1633250459;;;1759471619;1759471928;361;3.216583470466621e-05;6.461892158693805e-05
oscore;schc;;1024;p1;cbor;dns_cbor;1;binvec;rf;n_estimators=250,max_depth=9,random_state=1633250459;;;1759471619;1759471928;362;2.9956223970505742e-05;5.43750949238637e-05
oscore;schc;;1024;p1;cbor;dns_cbor;1;binvec;rf;n_estimators=250,max_depth=9,random_state=1633250459;;;1759471619;1759471928;363;4.873957121860929e-05;0.00031191090686584136
oscore;schc;;1024;p1;cbor;dns_cbor;1;binvec;rf;n_estimators=250,max_depth=9,random_state=1633250459;;;1759471619;1759471928;364;2.8822870744222808e-05;6.388453622352717e-05
oscore;schc;;1024;p1;cbor;dns_cbor;1;binvec;rf;n_estimators=250,max_depth=9,random_state=1633250459;;;1759471619;1759471928;365;7.176625932301207e-05;0.00045335869128412365
oscore;schc;;1024;p1;cbor;dns_cbor;1;binvec;rf;n_estimators=250,max_depth=9,random_state=1633250459;;;1759471619;1759471928;366;3.2380042291098024e-05;6.489440994184873e-05
oscore;schc;;1024;p1;cbor;dns_cbor;1;binvec;rf;n_estimators=250,max_depth=9,random_state=1633250459;;;1759471619;1759471928;367;3.575213294150849e-05;6.92658877025429e-05
oscore;schc;;1024;p1;cbor;dns_cbor;1;binvec;rf;n_estimators=250,max_depth=9,random_state=1633250459;;;1759471619;1759471928;368;3.10623193107005e-05;5.824469778455019e-05
oscore;schc;;1024;p1;cbor;dns_cbor;1;binvec;rf;n_estimators=250,max_depth=9,random_state=1633250459;;;1759471619;1759471928;369;3.835826792091496e-05;7.944578588254079e-05
oscore;schc;;1024;p1;cbor;dns_cbor;1;binvec;rf;n_estimators=250,max_depth=9,random_state=1633250459;;;1759471619;1759471928;370;8.106784888045765e-05;0.0005345106972353743
oscore;schc;;1024;p1;cbor;dns_cbor;1;binvec;rf;n_estimators=250,max_depth=9,random_state=1633250459;;;1759471619;1759471928;371;0.00014498490783992684;0.0008003213169073218
oscore;schc;;1024;p1;cbor;dns_cbor;1;binvec;rf;n_estimators=250,max_depth=9,random_state=1633250459;;;1759471619;1759471928;372;3.832735682502878e-05;6.738272059425876e-05
oscore;schc;;1024;p1;cbor;dns_cbor;1;binvec;rf;n_estimators=250,max_depth=9,random_state=1633250459;;;1759471619;1759471928;373;3.1625295014908034e-05;6.147390492003497e-05
oscore;schc;;1024;p1;cbor;dns_cbor;1;binvec;rf;n_estimators=250,max_depth=9,random_state=1633250459;;;1759471619;1759471928;374;3.4896002228772186e-05;6.46663871865226e-05
oscore;schc;;1024;p1;cbor;dns_cbor;1;binvec;rf;n_estimators=250,max_depth=9,random_state=1633250459;;;1759471619;1759471928;375;7.631771422443369e-05;0.00047411144341397165
oscore;schc;;1024;p1;cbor;dns_cbor;1;binvec;rf;n_estimators=250,max_depth=9,random_state=1633250459;;;1759471619;1759471928;376;0.0001582211808606189;0.0008384337915864736
oscore;schc;;1024;p1;cbor;dns_cbor;1;binvec;rf;n_estimators=250,max_depth=9,random_state=1633250459;;;1759471619;1759471928;377;6.718147818570423e-05;0.0005541424645292769
oscore;schc;;1024;p1;cbor;dns_cbor;1;binvec;rf;n_estimators=250,max_depth=9,random_state=1633250459;;;1759471619;1759471928;378;0.0001136839690960819;0.0007192206350241995
oscore;schc;;1024;p1;cbor;dns_cbor;1;binvec;rf;n_estimators=250,max_depth=9,random_state=1633250459;;;1759471619;1759471928;379;0.00011942441295306116;0.0007203459036631566
oscore;schc;;1024;p1;cbor;dns_cbor;1;binvec;rf;n_estimators=250,max_depth=9,random_state=1633250459;;;1759471619;1759471928;380;7.485237119606283e-05;0.0005504951168147188
oscore;schc;;1024;p1;cbor;dns_cbor;1;binvec;rf;n_estimators=250,max_depth=9,random_state=1633250459;;;1759471619;1759471928;381;8.423383249441819e-05;0.0005025202487890938
oscore;schc;;1024;p1;cbor;dns_cbor;1;binvec;rf;n_estimators=250,max_depth=9,random_state=1633250459;;;1759471619;1759471928;382;4.542910821435619e-05;0.00012198845046599086
oscore;schc;;1024;p1;cbor;dns_cbor;1;binvec;rf;n_estimators=250,max_depth=9,random_state=1633250459;;;1759471619;1759471928;383;0.0001622251452825247;0.0011560009875851809
oscore;schc;;1024;p1;cbor;dns_cbor;1;binvec;rf;n_estimators=250,max_depth=9,random_state=1633250459;;;1759471619;1759471928;384;3.102618064518467e-05;6.15416649932464e-05
oscore;schc;;1024;p1;cbor;dns_cbor;1;binvec;rf;n_estimators=250,max_depth=9,random_state=1633250459;;;1759471619;1759471928;385;4.30948710959043e-05;9.035513287674475e-05
oscore;schc;;1024;p1;cbor;dns_cbor;1;binvec;rf;n_estimators=250,max_depth=9,random_state=1633250459;;;1759471619;1759471928;386;6.498301449280604e-05;0.00041582943017152784
oscore;schc;;1024;p1;cbor;dns_cbor;1;binvec;rf;n_estimators=250,max_depth=9,random_state=1633250459;;;1759471619;1759471928;387;0.00011648100375115765;0.000802178978116638
oscore;schc;;1024;p1;cbor;dns_cbor;1;binvec;rf;n_estimators=250,max_depth=9,random_state=1633250459;;;1759471619;1759471928;388;0.00012320517975579422;0.0006966573181677889
oscore;schc;;1024;p1;cbor;dns_cbor;1;binvec;rf;n_estimators=250,max_depth=9,random_state=1633250459;;;1759471619;1759471928;389;9.321712186896136e-05;0.0010690264264154197
oscore;schc;;1024;p1;cbor;dns_cbor;1;binvec;rf;n_estimators=250,max_depth=9,random_state=1633250459;;;1759471619;1759471928;390;0.00013342644771802112;0.0007873349636018817
oscore;schc;;1024;p1;cbor;dns_cbor;1;binvec;rf;n_estimators=250,max_depth=9,random_state=1633250459;;;1759471619;1759471928;391;3.899837605885058e-05;7.621744148626303e-05
oscore;schc;;1024;p1;cbor;dns_cbor;1;binvec;rf;n_estimators=250,max_depth=9,random_state=1633250459;;;1759471619;1759471928;392;3.9233830888946346e-05;7.347418390516824e-05
oscore;schc;;1024;p1;cbor;dns_cbor;1;binvec;rf;n_estimators=250,max_depth=9,random_state=1633250459;;;1759471619;1759471928;393;9.93092656779308e-05;0.0006610019732590337
oscore;schc;;1024;p1;cbor;dns_cbor;1;binvec;rf;n_estimators=250,max_depth=9,random_state=1633250459;;;1759471619;1759471928;394;6.523652858646547e-05;0.0004433666587909022
oscore;schc;;1024;p1;cbor;dns_cbor;1;binvec;rf;n_estimators=250,max_depth=9,random_state=1633250459;;;1759471619;1759471928;395;0.00010330827326922666;0.000541868277803717
oscore;schc;;1024;p1;cbor;dns_cbor;1;binvec;rf;n_estimators=250,max_depth=9,random_state=1633250459;;;1759471619;1759471928;396;0.00010797669242162763;0.000622734919879855
oscore;schc;;1024;p1;cbor;dns_cbor;1;binvec;rf;n_estimators=250,max_depth=9,random_state=1633250459;;;1759471619;1759471928;397;6.125682181887418e-05;0.00029001951151517085
oscore;schc;;1024;p1;cbor;dns_cbor;1;binvec;rf;n_estimators=250,max_depth=9,random_state=1633250459;;;1759471619;1759471928;398;0.00019499972713819716;0.001137761788977503
oscore;schc;;1024;p1;cbor;dns_cbor;1;binvec;rf;n_estimators=250,max_depth=9,random_state=1633250459;;;1759471619;1759471928;399;9.01749752516752e-05;0.0008921189173330396
oscore;schc;;1024;p1;cbor;dns_cbor;1;binvec;rf;n_estimators=250,max_depth=9,random_state=1633250459;;;1759471619;1759471928;400;0.00018079641038080813;0.0008799355680774411
oscore;schc;;1024;p1;cbor;dns_cbor;1;binvec;rf;n_estimators=250,max_depth=9,random_state=1633250459;;;1759471619;1759471928;401;0.00019589901182194954;0.0012255050117379524
oscore;schc;;1024;p1;cbor;dns_cbor;1;binvec;rf;n_estimators=250,max_depth=9,random_state=1633250459;;;1759471619;1759471928;402;0.00012890106152834075;0.0007585683941046732
oscore;schc;;1024;p1;cbor;dns_cbor;1;binvec;rf;n_estimators=250,max_depth=9,random_state=1633250459;;;1759471619;1759471928;403;0.0001700619934392608;0.0008382919300699345
oscore;schc;;1024;p1;cbor;dns_cbor;1;binvec;rf;n_estimators=250,max_depth=9,random_state=1633250459;;;1759471619;1759471928;404;0.00012903415073570347;0.0006703346304781999
oscore;schc;;1024;p1;cbor;dns_cbor;1;binvec;rf;n_estimators=250,max_depth=9,random_state=1633250459;;;1759471619;1759471928;405;0.0002713638589250415;0.0014781820408170205
oscore;schc;;1024;p1;cbor;dns_cbor;1;binvec;rf;n_estimators=250,max_depth=9,random_state=1633250459;;;1759471619;1759471928;406;0.000192902030402698;0.0012452154963032067
oscore;schc;;1024;p1;cbor;dns_cbor;1;binvec;rf;n_estimators=250,max_depth=9,random_state=1633250459;;;1759471619;1759471928;407;0.00014442928277588364;0.0008486431194193745
oscore;schc;;1024;p1;cbor;dns_cbor;1;binvec;rf;n_estimators=250,max_depth=9,random_state=1633250459;;;1759471619;1759471928;408;0.0002736334183753312;0.0011980725702820294
oscore;schc;;1024;p1;cbor;dns_cbor;1;binvec;rf;n_estimators=250,max_depth=9,random_state=1633250459;;;1759471619;1759471928;409;0.00034335965407021396;0.0014348399385258554
oscore;schc;;1024;p1;cbor;dns_cbor;1;binvec;rf;n_estimators=250,max_depth=9,random_state=1633250459;;;1759471619;1759471928;410;0.0004583217232531775;0.0022502089063106147
oscore;schc;;1024;p1;cbor;dns_cbor;1;binvec;rf;n_estimators=250,max_depth=9,random_state=1633250459;;;1759471619;1759471928;411;0.00028723888184347996;0.0014891234579778338
oscore;schc;;1024;p1;cbor;dns_cbor;1;binvec;rf;n_estimators=250,max_depth=9,random_state=1633250459;;;1759471619;1759471928;412;0.0003175015929555678;0.0015998245524844446
oscore;schc;;1024;p1;cbor;dns_cbor;1;binvec;rf;n_estimators=250,max_depth=9,random_state=1633250459;;;1759471619;1759471928;413;0.00021017084935099213;0.0010469118871469345
oscore;schc;;1024;p1;cbor;dns_cbor;1;binvec;rf;n_estimators=250,max_depth=9,random_state=1633250459;;;1759471619;1759471928;414;0.00022614582283291763;0.0010771286223113202
oscore;schc;;1024;p1;cbor;dns_cbor;1;binvec;rf;n_estimators=250,max_depth=9,random_state=1633250459;;;1759471619;1759471928;415;0.00015017051525005143;0.0008365939167003267
oscore;schc;;1024;p1;cbor;dns_cbor;1;binvec;rf;n_estimators=250,max_depth=9,random_state=1633250459;;;1759471619;1759471928;416;0.0001769592729559569;0.0010691481829720128
oscore;schc;;1024;p1;cbor;dns_cbor;1;binvec;rf;n_estimators=250,max_depth=9,random_state=1633250459;;;1759471619;1759471928;417;0.0001822660541551413;0.0009771018644464064
oscore;schc;;1024;p1;cbor;dns_cbor;1;binvec;rf;n_estimators=250,max_depth=9,random_state=1633250459;;;1759471619;1759471928;418;0.0002468683765976698;0.0013698943118055661
oscore;schc;;1024;p1;cbor;dns_cbor;1;binvec;rf;n_estimators=250,max_depth=9,random_state=1633250459;;;1759471619;1759471928;419;0.00026007132376243766;0.001594934270295732
oscore;schc;;1024;p1;cbor;dns_cbor;1;binvec;rf;n_estimators=250,max_depth=9,random_state=1633250459;;;1759471619;1759471928;420;0.0002643522172670313;0.001747585173998971
oscore;schc;;1024;p1;cbor;dns_cbor;1;binvec;rf;n_estimators=250,max_depth=9,random_state=1633250459;;;1759471619;1759471928;421;6.494200246654027e-05;0.000413849371001329
oscore;schc;;1024;p1;cbor;dns_cbor;1;binvec;rf;n_estimators=250,max_depth=9,random_state=1633250459;;;1759471619;1759471928;422;0.00013675444489686983;0.0008053510990694831
oscore;schc;;1024;p1;cbor;dns_cbor;1;binvec;rf;n_estimators=250,max_depth=9,random_state=1633250459;;;1759471619;1759471928;423;7.858353693189283e-05;0.00048010879100198985
oscore;schc;;1024;p1;cbor;dns_cbor;1;binvec;rf;n_estimators=250,max_depth=9,random_state=1633250459;;;1759471619;1759471928;424;9.082392374604989e-05;0.0006214577425986493
oscore;schc;;1024;p1;cbor;dns_cbor;1;binvec;rf;n_estimators=250,max_depth=9,random_state=1633250459;;;1759471619;1759471928;425;4.169237288373935e-05;8.836794018888416e-05
oscore;schc;;1024;p1;cbor;dns_cbor;1;binvec;rf;n_estimators=250,max_depth=9,random_state=1633250459;;;1759471619;1759471928;426;0.0001246259633462916;0.0009737267190877052
oscore;schc;;1024;p1;cbor;dns_cbor;1;binvec;rf;n_estimators=250,max_depth=9,random_state=1633250459;;;1759471619;1759471928;427;8.57995036700549e-05;0.00040491949579457993
oscore;schc;;1024;p1;cbor;dns_cbor;1;binvec;rf;n_estimators=250,max_depth=9,random_state=1633250459;;;1759471619;1759471928;428;4.2433370750426845e-05;7.910057488964655e-05
oscore;schc;;1024;p1;cbor;dns_cbor;1;binvec;rf;n_estimators=250,max_depth=9,random_state=1633250459;;;1759471619;1759471928;429;9.289913741823153e-05;0.0005696866217489804
oscore;schc;;1024;p1;cbor;dns_cbor;1;binvec;rf;n_estimators=250,max_depth=9,random_state=1633250459;;;1759471619;1759471928;430;9.494698418677862e-05;0.0005526463065146074
oscore;schc;;1024;p1;cbor;dns_cbor;1;binvec;rf;n_estimators=250,max_depth=9,random_state=1633250459;;;1759471619;1759471928;431;0.00012519316381995725;0.0007656030891073104
oscore;schc;;1024;p1;cbor;dns_cbor;1;binvec;rf;n_estimators=250,max_depth=9,random_state=1633250459;;;1759471619;1759471928;432;3.8271167375150815e-05;0.00011085134723771848
oscore;schc;;1024;p1;cbor;dns_cbor;1;binvec;rf;n_estimators=250,max_depth=9,random_state=1633250459;;;1759471619;1759471928;433;3.772197753296195e-05;7.176534913641027e-05
oscore;schc;;1024;p1;cbor;dns_cbor;1;binvec;rf;n_estimators=250,max_depth=9,random_state=1633250459;;;1759471619;1759471928;434;3.560634731224146e-05;7.186372277031636e-05
oscore;schc;;1024;p1;cbor;dns_cbor;1;binvec;rf;n_estimators=250,max_depth=9,random_state=1633250459;;;1759471619;1759471928;435;4.0235216694127204e-05;7.35980054138379e-05
oscore;schc;;1024;p1;cbor;dns_cbor;1;binvec;rf;n_estimators=250,max_depth=9,random_state=1633250459;;;1759471619;1759471928;436;0.00014443472754301697;0.0010097132011576738
oscore;schc;;1024;p1;cbor;dns_cbor;1;binvec;rf;n_estimators=250,max_depth=9,random_state=1633250459;;;1759471619;1759471928;437;0.00013336021811926997;0.0010344336082958507
oscore;schc;;1024;p1;cbor;dns_cbor;1;binvec;rf;n_estimators=250,max_depth=9,random_state=1633250459;;;1759471619;1759471928;438;3.607194009328571e-05;8.302542851430458e-05
oscore;schc;;1024;p1;cbor;dns_cbor;1;binvec;rf;n_estimators=250,max_depth=9,random_state=1633250459;;;1759471619;1759471928;439;4.090939745171632e-05;7.298562259340383e-05
oscore;schc;;1024;p1;cbor;dns_cbor;1;binvec;rf;n_estimators=250,max_depth=9,random_state=1633250459;;;1759471619;1759471928;440;2.6340780642412165e-05;6.761279299307115e-05
oscore;schc;;1024;p1;cbor;dns_cbor;1;binvec;rf;n_estimators=250,max_depth=9,random_state=1633250459;;;1759471619;1759471928;441;4.374201679020118e-05;0.00010936361933187024
oscore;schc;;1024;p1;cbor;dns_cbor;1;binvec;rf;n_estimators=250,max_depth=9,random_state=1633250459;;;1759471619;1759471928;442;3.073792020635158e-05;6.953650408614307e-05
oscore;schc;;1024;p1;cbor;dns_cbor;1;binvec;rf;n_estimators=250,max_depth=9,random_state=1633250459;;;1759471619;1759471928;443;7.123059630810274e-05;0.0004696947833687365
oscore;schc;;1024;p1;cbor;dns_cbor;1;binvec;rf;n_estimators=250,max_depth=9,random_state=1633250459;;;1759471619;1759471928;444;6.38467049983743e-05;0.0002926758405099317
oscore;schc;;1024;p1;cbor;dns_cbor;1;binvec;rf;n_estimators=250,max_depth=9,random_state=1633250459;;;1759471619;1759471928;445;4.23669831093703e-05;0.00012456230873435936
oscore;schc;;1024;p1;cbor;dns_cbor;1;binvec;rf;n_estimators=250,max_depth=9,random_state=1633250459;;;1759471619;1759471928;446;3.6977618457660405e-05;9.542387002012605e-05
oscore;schc;;1024;p1;cbor;dns_cbor;1;binvec;rf;n_estimators=250,max_depth=9,random_state=1633250459;;;1759471619;1759471928;447;3.266293451153047e-05;7.367784719428617e-05
oscore;schc;;1024;p1;cbor;dns_cbor;1;binvec;rf;n_estimators=250,max_depth=9,random_state=1633250459;;;1759471619;1759471928;448;6.91059799042923e-05;0.00021926548850460415
oscore;schc;;1024;p1;cbor;dns_cbor;1;binvec;rf;n_estimators=250,max_depth=9,random_state=1633250459;;;1759471619;1759471928;449;3.5628262901022165e-05;8.333856441900532e-05
oscore;schc;;1024;p1;cbor;dns_cbor;1;binvec;rf;n_estimators=250,max_depth=9,random_state=1633250459;;;1759471619;1759471928;450;6.153344019778418e-05;0.0004776222281185328
oscore;schc;;1024;p1;cbor;dns_cbor;1;binvec;rf;n_estimators=250,max_depth=9,random_state=1633250459;;;1759471619;1759471928;451;4.23923773706484e-05;0.0001686508208656532
oscore;schc;;1024;p1;cbor;dns_cbor;1;binvec;rf;n_estimators=250,max_depth=9,random_state=1633250459;;;1759471619;1759471928;452;7.435086813875724e-05;0.00044653267974217864
oscore;schc;;1024;p1;cbor;dns_cbor;1;binvec;rf;n_estimators=250,max_depth=9,random_state=1633250459;;;1759471619;1759471928;453;3.933616947026687e-05;0.00011049068561990107
oscore;schc;;1024;p1;cbor;dns_cbor;1;binvec;rf;n_estimators=250,max_depth=9,random_state=1633250459;;;1759471619;1759471928;454;4.8942391455645195e-05;0.00013936908573347365
oscore;schc;;1024;p1;cbor;dns_cbor;1;binvec;rf;n_estimators=250,max_depth=9,random_state=1633250459;;;1759471619;1759471928;455;3.8491462521608545e-05;0.00012525653981954735
oscore;schc;;1024;p1;cbor;dns_cbor;1;binvec;rf;n_estimators=250,max_depth=9,random_state=1633250459;;;1759471619;1759471928;456;3.948093211272817e-05;7.886810033714292e-05
oscore;schc;;1024;p1;cbor;dns_cbor;1;binvec;rf;n_estimators=250,max_depth=9,random_state=1633250459;;;1759471619;1759471928;457;4.538668100314195e-05;0.00014822955877060248
oscore;schc;;1024;p1;cbor;dns_cbor;1;binvec;rf;n_estimators=250,max_depth=9,random_state=1633250459;;;1759471619;1759471928;458;6.413235281225862e-05;0.00042995342325361977
oscore;schc;;1024;p1;cbor;dns_cbor;1;binvec;rf;n_estimators=250,max_depth=9,random_state=1633250459;;;1759471619;1759471928;459;5.141811807048669e-05;0.00011274786200672727
oscore;schc;;1024;p1;cbor;dns_cbor;1;binvec;rf;n_estimators=250,max_depth=9,random_state=1633250459;;;1759471619;1759471928;460;3.867709666712074e-05;7.704910550556267e-05
oscore;schc;;1024;p1;cbor;dns_cbor;1;binvec;rf;n_estimators=250,max_depth=9,random_state=1633250459;;;1759471619;1759471928;461;7.297792163281082e-05;0.0002597652872415142
oscore;schc;;1024;p1;cbor;dns_cbor;1;binvec;rf;n_estimators=250,max_depth=9,random_state=1633250459;;;1759471619;1759471928;462;4.5732492534426e-05;9.455502998105204e-05
oscore;schc;;1024;p1;cbor;dns_cbor;1;binvec;rf;n_estimators=250,max_depth=9,random_state=1633250459;;;1759471619;1759471928;463;7.209722849152634e-05;0.00042734565889393733
oscore;schc;;1024;p1;cbor;dns_cbor;1;binvec;rf;n_estimators=250,max_depth=9,random_state=1633250459;;;1759471619;1759471928;464;6.574014553725466e-05;0.00028301566390481677
oscore;schc;;1024;p1;cbor;dns_cbor;1;binvec;rf;n_estimators=250,max_depth=9,random_state=1633250459;;;1759471619;1759471928;465;4.712701695978665e-05;0.00010079358606829968
oscore;schc;;1024;p1;cbor;dns_cbor;1;binvec;rf;n_estimators=250,max_depth=9,random_state=1633250459;;;1759471619;1759471928;466;5.09531567701915e-05;0.00015780000481624716
oscore;schc;;1024;p1;cbor;dns_cbor;1;binvec;rf;n_estimators=250,max_depth=9,random_state=1633250459;;;1759471619;1759471928;467;4.08332098311039e-05;0.00010867099483049128
oscore;schc;;1024;p1;cbor;dns_cbor;1;binvec;rf;n_estimators=250,max_depth=9,random_state=1633250459;;;1759471619;1759471928;468;9.171379287558823e-05;0.0004997818531445201
oscore;schc;;1024;p1;cbor;dns_cbor;1;binvec;rf;n_estimators=250,max_depth=9,random_state=1633250459;;;1759471619;1759471928;469;4.9112840384732486e-05;0.0001478829147890212
oscore;schc;;1024;p1;cbor;dns_cbor;1;binvec;rf;n_estimators=250,max_depth=9,random_state=1633250459;;;1759471619;1759471928;470;8.076268888478857e-05;0.00029267711557098727
oscore;schc;;1024;p1;cbor;dns_cbor;1;binvec;rf;n_estimators=250,max_depth=9,random_state=1633250459;;;1759471619;1759471928;471;5.587980862365669e-05;0.0001503404455668059
oscore;schc;;1024;p1;cbor;dns_cbor;1;binvec;rf;n_estimators=250,max_depth=9,random_state=1633250459;;;1759471619;1759471928;472;3.1327959523530346e-05;7.571633924705622e-05
oscore;schc;;1024;p1;cbor;dns_cbor;1;binvec;rf;n_estimators=250,max_depth=9,random_state=1633250459;;;1759471619;1759471928;473;4.5879712195351486e-05;0.00017326640833231093
oscore;schc;;1024;p1;cbor;dns_cbor;1;binvec;rf;n_estimators=250,max_depth=9,random_state=1633250459;;;1759471619;1759471928;474;3.09519557685686e-05;6.215875630084114e-05
oscore;schc;;1024;p1;cbor;dns_cbor;1;binvec;rf;n_estimators=250,max_depth=9,random_state=1633250459;;;1759471619;1759471928;475;4.3279863982613836e-05;9.597444510666889e-05
oscore;schc;;1024;p1;cbor;dns_cbor;1;binvec;rf;n_estimators=250,max_depth=9,random_state=1633250459;;;1759471619;1759471928;476;4.846701230315016e-05;0.00010974206076362168
oscore;schc;;1024;p1;cbor;dns_cbor;1;binvec;rf;n_estimators=250,max_depth=9,random_state=1633250459;;;1759471619;1759471928;477;4.346374047321658e-05;8.903381858043475e-05
oscore;schc;;1024;p1;cbor;dns_cbor;1;binvec;rf;n_estimators=250,max_depth=9,random_state=1633250459;;;1759471619;1759471928;478;4.0867537993661624e-05;0.00011030241363896636
oscore;schc;;1024;p1;cbor;dns_cbor;1;binvec;rf;n_estimators=250,max_depth=9,random_state=1633250459;;;1759471619;1759471928;479;6.344758851796515e-05;0.0004394367003123437
oscore;schc;;1024;p1;cbor;dns_cbor;1;binvec;rf;n_estimators=250,max_depth=9,random_state=1633250459;;;1759471619;1759471928;480;4.095987308923715e-05;9.472828673123377e-05
oscore;schc;;1024;p1;cbor;dns_cbor;1;binvec;rf;n_estimators=250,max_depth=9,random_state=1633250459;;;1759471619;1759471928;481;3.319132882153569e-05;8.759855119604684e-05
oscore;schc;;1024;p1;cbor;dns_cbor;1;binvec;rf;n_estimators=250,max_depth=9,random_state=1633250459;;;1759471619;1759471928;482;4.959329284295851e-05;0.00016379814698723984
oscore;schc;;1024;p1;cbor;dns_cbor;1;binvec;rf;n_estimators=250,max_depth=9,random_state=1633250459;;;1759471619;1759471928;483;3.498673510392761e-05;7.518063875864511e-05
oscore;schc;;1024;p1;cbor;dns_cbor;1;binvec;rf;n_estimators=250,max_depth=9,random_state=1633250459;;;1759471619;1759471928;484;2.3024980191862133e-05;4.8912448203362474e-05
oscore;schc;;1024;p1;cbor;dns_cbor;1;binvec;rf;n_estimators=250,max_depth=9,random_state=1633250459;;;1759471619;1759471928;485;3.626079721063882e-05;6.908460698891413e-05
oscore;schc;;1024;p1;cbor;dns_cbor;1;binvec;rf;n_estimators=250,max_depth=9,random_state=1633250459;;;1759471619;1759471928;486;4.01231528640371e-05;0.00011075966835457683
oscore;schc;;1024;p1;cbor;dns_cbor;1;binvec;rf;n_estimators=250,max_depth=9,random_state=1633250459;;;1759471619;1759471928;487;3.66531612866497e-05;7.020152892821366e-05
oscore;schc;;1024;p1;cbor;dns_cbor;1;binvec;rf;n_estimators=250,max_depth=9,random_state=1633250459;;;1759471619;1759471928;488;2.0152021390892502e-05;4.693038354888006e-05
oscore;schc;;1024;p1;cbor;dns_cbor;1;binvec;rf;n_estimators=250,max_depth=9,random_state=1633250459;;;1759471619;1759471928;489;3.3336021948816375e-05;0.00012792400598864512
oscore;schc;;1024;p1;cbor;dns_cbor;1;binvec;rf;n_estimators=250,max_depth=9,random_state=1633250459;;;1759471619;1759471928;490;3.280439384564334e-05;8.452660806713406e-05
oscore;schc;;1024;p1;cbor;dns_cbor;1;binvec;rf;n_estimators=250,max_depth=9,random_state=1633250459;;;1759471619;1759471928;491;4.975436243202133e-05;0.00039072496327677183
oscore;schc;;1024;p1;cbor;dns_cbor;1;binvec;rf;n_estimators=250,max_depth=9,random_state=1633250459;;;1759471619;1759471928;492;3.4192912548741156e-05;7.238237731631148e-05
oscore;schc;;1024;p1;cbor;dns_cbor;1;binvec;rf;n_estimators=250,max_depth=9,random_state=1633250459;;;1759471619;1759471928;493;5.70548412631023e-05;0.00038510178870449803
oscore;schc;;1024;p1;cbor;dns_cbor;1;binvec;rf;n_estimators=250,max_depth=9,random_state=1633250459;;;1759471619;1759471928;494;2.972267305954485e-05;6.643138003495513e-05
oscore;schc;;1024;p1;cbor;dns_cbor;1;binvec;rf;n_estimators=250,max_depth=9,random_state=1633250459;;;1759471619;1759471928;495;3.595508237307992e-05;7.277723406166648e-05
oscore;schc;;1024;p1;cbor;dns_cbor;1;binvec;rf;n_estimators=250,max_depth=9,random_state=1633250459;;;1759471619;1759471928;496;2.8298453882412634e-05;6.536941615743705e-05
oscore;schc;;1024;p1;cbor;dns_cbor;1;binvec;rf;n_estimators=250,max_depth=9,random_state=1633250459;;;1759471619;1759471928;497;4.6129119994922586e-05;0.00011999415078135716
oscore;schc;;1024;p1;cbor;dns_cbor;1;binvec;rf;n_estimators=250,max_depth=9,random_state=1633250459;;;1759471619;1759471928;498;3.544861457510691e-05;8.785277040104652e-05
oscore;schc;;1024;p1;cbor;dns_cbor;1;binvec;rf;n_estimators=250,max_depth=9,random_state=1633250459;;;1759471619;1759471928;499;4.43251060769994e-05;0.0001258114933153759
oscore;schc;;1024;p1;cbor;dns_cbor;1;binvec;rf;n_estimators=250,max_depth=9,random_state=1633250459;;;1759471619;1759471928;500;2.6208468348838167e-05;5.9299119523419254e-05
oscore;schc;;1024;p1;cbor;dns_cbor;1;binvec;rf;n_estimators=250,max_depth=9,random_state=1633250459;;;1759471619;1759471928;501;2.8100520992118478e-05;6.02547424496677e-05
oscore;schc;;1024;p1;cbor;dns_cbor;1;binvec;rf;n_estimators=250,max_depth=9,random_state=1633250459;;;1759471619;1759471928;502;3.325619930466805e-05;6.79588475476942e-05
oscore;schc;;1024;p1;cbor;dns_cbor;1;binvec;rf;n_estimators=250,max_depth=9,random_state=1633250459;;;1759471619;1759471928;503;2.6153307494183733e-05;6.115790827820622e-05
oscore;schc;;1024;p1;cbor;dns_cbor;1;binvec;rf;n_estimators=250,max_depth=9,random_state=1633250459;;;1759471619;1759471928;504;4.502083574550896e-05;7.476075244918474e-05
oscore;schc;;1024;p1;cbor;dns_cbor;1;binvec;rf;n_estimators=250,max_depth=9,random_state=1633250459;;;1759471619;1759471928;505;4.028985923856148e-05;0.00012523842895112482
oscore;schc;;1024;p1;cbor;dns_cbor;1;binvec;rf;n_estimators=250,max_depth=9,random_state=1633250459;;;1759471619;1759471928;506;4.7345136653080224e-05;8.994501569662597e-05
oscore;schc;;1024;p1;cbor;dns_cbor;1;binvec;rf;n_estimators=250,max_depth=9,random_state=1633250459;;;1759471619;1759471928;507;4.383265262494806e-05;8.912038228728439e-05
oscore;schc;;1024;p1;cbor;dns_cbor;1;binvec;rf;n_estimators=250,max_depth=9,random_state=1633250459;;;1759471619;1759471928;508;2.990361622034604e-05;6.428067936870673e-05
oscore;schc;;1024;p1;cbor;dns_cbor;1;binvec;rf;n_estimators=250,max_depth=9,random_state=1633250459;;;1759471619;1759471928;509;3.546581681500404e-05;7.027330706498201e-05
oscore;schc;;1024;p1;cbor;dns_cbor;1;binvec;rf;n_estimators=250,max_depth=9,random_state=1633250459;;;1759471619;1759471928;510;4.107476217653861e-05;7.531142956777844e-05
oscore;schc;;1024;p1;cbor;dns_cbor;1;binvec;rf;n_estimators=250,max_depth=9,random_state=1633250459;;;1759471619;1759471928;511;1.9821161685258774e-05;4.766780393108813e-05
oscore;schc;;1024;p1;cbor;dns_cbor;1;binvec;rf;n_estimators=250,max_depth=9,random_state=1633250459;;;1759471619;1759471928;512;3.600134867635798e-05;7.56793301122304e-05
oscore;schc;;1024;p1;cbor;dns_cbor;1;binvec;rf;n_estimators=250,max_depth=9,random_state=1633250459;;;1759471619;1759471928;513;3.845290775931612e-05;0.00011142899777416219
oscore;schc;;1024;p1;cbor;dns_cbor;1;binvec;rf;n_estimators=250,max_depth=9,random_state=1633250459;;;1759471619;1759471928;514;3.2830800211837035e-05;7.493084359845398e-05
oscore;schc;;1024;p1;cbor;dns_cbor;1;binvec;rf;n_estimators=250,max_depth=9,random_state=1633250459;;;1759471619;1759471928;515;4.632538632627103e-05;0.00012584037119042936
oscore;schc;;1024;p1;cbor;dns_cbor;1;binvec;rf;n_estimators=250,max_depth=9,random_state=1633250459;;;1759471619;1759471928;516;2.405164804974805e-05;5.282611893711255e-05
oscore;schc;;1024;p1;cbor;dns_cbor;1;binvec;rf;n_estimators=250,max_depth=9,random_state=1633250459;;;1759471619;1759471928;517;3.6735518127915646e-05;7.198114165848872e-05
oscore;schc;;1024;p1;cbor;dns_cbor;1;binvec;rf;n_estimators=250,max_depth=9,random_state=1633250459;;;1759471619;1759471928;518;3.1969777298731035e-05;6.248480517214701e-05
oscore;schc;;1024;p1;cbor;dns_cbor;1;binvec;rf;n_estimators=250,max_depth=9,random_state=1633250459;;;1759471619;1759471928;519;3.4725044964153376e-05;7.74420576932081e-05
oscore;schc;;1024;p1;cbor;dns_cbor;1;binvec;rf;n_estimators=250,max_depth=9,random_state=1633250459;;;1759471619;1759471928;520;3.2126185576960425e-05;8.745677073164071e-05
oscore;schc;;1024;p1;cbor;dns_cbor;1;binvec;rf;n_estimators=250,max_depth=9,random_state=1633250459;;;1759471619;1759471928;521;3.0304056115666557e-05;6.189508981354917e-05
oscore;schc;;1024;p1;cbor;dns_cbor;1;binvec;rf;n_estimators=250,max_depth=9,random_state=1633250459;;;1759471619;1759471928;522;3.175206991480018e-05;6.384861474818404e-05
oscore;schc;;1024;p1;cbor;dns_cbor;1;binvec;rf;n_estimators=250,max_depth=9,random_state=1633250459;;;1759471619;1759471928;523;3.840084862011928e-05;0.00010453518399515578
oscore;schc;;1024;p1;cbor;dns_cbor;1;binvec;rf;n_estimators=250,max_depth=9,random_state=1633250459;;;1759471619;1759471928;524;3.493043330343821e-05;7.815072691746523e-05
oscore;schc;;1024;p1;cbor;dns_cbor;1;binvec;rf;n_estimators=250,max_depth=9,random_state=1633250459;;;1759471619;1759471928;525;3.518031378006358e-05;7.550425896827593e-05
oscore;schc;;1024;p1;cbor;dns_cbor;1;binvec;rf;n_estimators=250,max_depth=9,random_state=1633250459;;;1759471619;1759471928;526;3.0393867904963306e-05;7.471046136952148e-05
oscore;schc;;1024;p1;cbor;dns_cbor;1;binvec;rf;n_estimators=250,max_depth=9,random_state=1633250459;;;1759471619;1759471928;527;3.2798625929179784e-05;8.011670329207046e-05
oscore;schc;;1024;p1;cbor;dns_cbor;1;binvec;rf;n_estimators=250,max_depth=9,random_state=1633250459;;;1759471619;1759471928;528;3.6735528032175405e-05;0.00010662253815669101
oscore;schc;;1024;p1;cbor;dns_cbor;1;binvec;rf;n_estimators=250,max_depth=9,random_state=1633250459;;;1759471619;1759471928;529;2.7740094824515673e-05;6.042571485747008e-05
oscore;schc;;1024;p1;cbor;dns_cbor;1;binvec;rf;n_estimators=250,max_depth=9,random_state=1633250459;;;1759471619;1759471928;530;3.215006890416687e-05;8.036303420906289e-05
oscore;schc;;1024;p1;cbor;dns_cbor;1;binvec;rf;n_estimators=250,max_depth=9,random_state=1633250459;;;1759471619;1759471928;531;4.683212786301608e-05;0.00013541683224402691
oscore;schc;;1024;p1;cbor;dns_cbor;1;binvec;rf;n_estimators=250,max_depth=9,random_state=1633250459;;;1759471619;1759471928;532;3.623346244075888e-05;7.204508447051663e-05
oscore;schc;;1024;p1;cbor;dns_cbor;1;binvec;rf;n_estimators=250,max_depth=9,random_state=1633250459;;;1759471619;1759471928;533;3.095276972184332e-05;8.975095818845988e-05
oscore;schc;;1024;p1;cbor;dns_cbor;1;binvec;rf;n_estimators=250,max_depth=9,random_state=1633250459;;;1759471619;1759471928;534;3.298622140702666e-05;7.156479355271994e-05
oscore;schc;;1024;p1;cbor;dns_cbor;1;binvec;rf;n_estimators=250,max_depth=9,random_state=1633250459;;;1759471619;1759471928;535;2.7419760268790166e-05;6.175258007682815e-05
oscore;schc;;1024;p1;cbor;dns_cbor;1;binvec;rf;n_estimators=250,max_depth=9,random_state=1633250459;;;1759471619;1759471928;536;3.656580536568003e-05;9.539615761406653e-05
oscore;schc;;1024;p1;cbor;dns_cbor;1;binvec;rf;n_estimators=250,max_depth=9,random_state=1633250459;;;1759471619;1759471928;537;3.902437748714629e-05;0.00013084594050261176
oscore;schc;;1024;p1;cbor;dns_cbor;1;binvec;rf;n_estimators=250,max_depth=9,random_state=1633250459;;;1759471619;1759471928;538;3.692231431920511e-05;7.66263356109523e-05
oscore;schc;;1024;p1;cbor;dns_cbor;1;binvec;rf;n_estimators=250,max_depth=9,random_state=1633250459;;;1759471619;1759471928;539;3.4356818247529114e-05;7.744560315856567e-05
oscore;schc;;1024;p1;cbor;dns_cbor;1;binvec;rf;n_estimators=250,max_depth=9,random_state=1633250459;;;1759471619;1759471928;540;5.207240959170609e-05;0.00013531846130920613
oscore;schc;;1024;p1;cbor;dns_cbor;1;binvec;rf;n_estimators=250,max_depth=9,random_state=1633250459;;;1759471619;1759471928;541;2.929109318249017e-05;9.829749001311912e-05
oscore;schc;;1024;p1;cbor;dns_cbor;1;binvec;rf;n_estimators=250,max_depth=9,random_state=1633250459;;;1759471619;1759471928;542;2.449177540141165e-05;7.824984520133076e-05
oscore;schc;;1024;p1;cbor;dns_cbor;1;binvec;rf;n_estimators=250,max_depth=9,random_state=1633250459;;;1759471619;1759471928;543;4.133845938123038e-05;0.00012494319439820332
oscore;schc;;1024;p1;cbor;dns_cbor;1;binvec;rf;n_estimators=250,max_depth=9,random_state=1633250459;;;1759471619;1759471928;544;3.732874833758647e-05;7.719159231538015e-05
oscore;schc;;1024;p1;cbor;dns_cbor;1;binvec;rf;n_estimators=250,max_depth=9,random_state=1633250459;;;1759471619;1759471928;545;3.6581991401779784e-05;9.117078453947896e-05
oscore;schc;;1024;p1;cbor;dns_cbor;1;binvec;rf;n_estimators=250,max_depth=9,random_state=1633250459;;;1759471619;1759471928;546;5.0404889607098145e-05;0.00014229782783783436
oscore;schc;;1024;p1;cbor;dns_cbor;1;binvec;rf;n_estimators=250,max_depth=9,random_state=1633250459;;;1759471619;1759471928;547;5.184494002766446e-05;0.00014094973727053176
oscore;schc;;1024;p1;cbor;dns_cbor;1;binvec;rf;n_estimators=250,max_depth=9,random_state=1633250459;;;1759471619;1759471928;548;4.229405787702719e-05;0.00010897726429698965
oscore;schc;;1024;p1;cbor;dns_cbor;1;binvec;rf;n_estimators=250,max_depth=9,random_state=1633250459;;;1759471619;1759471928;549;3.717805313934522e-05;9.224635862161301e-05
oscore;schc;;1024;p1;cbor;dns_cbor;1;binvec;rf;n_estimators=250,max_depth=9,random_state=1633250459;;;1759471619;1759471928;550;4.3922730597850986e-05;0.00011520670811780962
oscore;schc;;1024;p1;cbor;dns_cbor;1;binvec;rf;n_estimators=250,max_depth=9,random_state=1633250459;;;1759471619;1759471928;551;5.3272202506631934e-05;0.00017074967416901438
oscore;schc;;1024;p1;cbor;dns_cbor;1;binvec;rf;n_estimators=250,max_depth=9,random_state=1633250459;;;1759471619;1759471928;552;4.060634585060074e-05;0.0001160973395562244
oscore;schc;;1024;p1;cbor;dns_cbor;1;binvec;rf;n_estimators=250,max_depth=9,random_state=1633250459;;;1759471619;1759471928;553;4.037512504593537e-05;0.00011195660913416192
oscore;schc;;1024;p1;cbor;dns_cbor;1;binvec;rf;n_estimators=250,max_depth=9,random_state=1633250459;;;1759471619;1759471928;554;3.856566428343251e-05;9.995429528228736e-05
oscore;schc;;1024;p1;cbor;dns_cbor;1;binvec;rf;n_estimators=250,max_depth=9,random_state=1633250459;;;1759471619;1759471928;555;4.4184016594091094e-05;0.00013392503677077579
oscore;schc;;1024;p1;cbor;dns_cbor;1;binvec;rf;n_estimators=250,max_depth=9,random_state=1633250459;;;1759471619;1759471928;556;5.866667659053506e-05;0.0001606779609141748
oscore;schc;;1024;p1;cbor;dns_cbor;1;binvec;rf;n_estimators=250,max_depth=9,random_state=1633250459;;;1759471619;1759471928;557;3.833700069003939e-05;0.00013099908041048464
oscore;schc;;1024;p1;cbor;dns_cbor;1;binvec;rf;n_estimators=250,max_depth=9,random_state=1633250459;;;1759471619;1759471928;558;4.619425752095729e-05;0.00011790321573753164
oscore;schc;;1024;p1;cbor;dns_cbor;1;binvec;rf;n_estimators=250,max_depth=9,random_state=1633250459;;;1759471619;1759471928;559;4.6336392378293355e-05;0.00012195626782663044
oscore;schc;;1024;p1;cbor;dns_cbor;1;binvec;rf;n_estimators=250,max_depth=9,random_state=1633250459;;;1759471619;1759471928;560;4.411023023440696e-05;0.00015217903454762613
oscore;schc;;1024;p1;cbor;dns_cbor;1;binvec;rf;n_estimators=250,max_depth=9,random_state=1633250459;;;1759471619;1759471928;561;5.2284986881501625e-05;0.0001773240832125531
oscore;schc;;1024;p1;cbor;dns_cbor;1;binvec;rf;n_estimators=250,max_depth=9,random_state=1633250459;;;1759471619;1759471928;562;5.651357584092726e-05;0.00010520420558227172
oscore;schc;;1024;p1;cbor;dns_cbor;1;binvec;rf;n_estimators=250,max_depth=9,random_state=1633250459;;;1759471619;1759471928;563;5.078894339916943e-05;0.00013796930341112426
oscore;schc;;1024;p1;cbor;dns_cbor;1;binvec;rf;n_estimators=250,max_depth=9,random_state=1633250459;;;1759471619;1759471928;564;4.6671628011388065e-05;0.00015782241143737184
oscore;schc;;1024;p1;cbor;dns_cbor;1;binvec;rf;n_estimators=250,max_depth=9,random_state=1633250459;;;1759471619;1759471928;565;4.1004326841310183e-05;0.00010967643439676134
oscore;schc;;1024;p1;cbor;dns_cbor;1;binvec;rf;n_estimators=250,max_depth=9,random_state=1633250459;;;1759471619;1759471928;566;4.405112773622246e-05;0.00012170508156875036
oscore;schc;;1024;p1;cbor;dns_cbor;1;binvec;rf;n_estimators=250,max_depth=9,random_state=1633250459;;;1759471619;1759471928;567;6.493124539480236e-05;0.00021005723278144555
oscore;schc;;1024;p1;cbor;dns_cbor;1;binvec;rf;n_estimators=250,max_depth=9,random_state=1633250459;;;1759471619;1759471928;568;3.166768093806595e-05;6.33163098402516e-05
oscore;schc;;1024;p1;cbor;dns_cbor;1;binvec;rf;n_estimators=250,max_depth=9,random_state=1633250459;;;1759471619;1759471928;569;2.708661991282258e-05;5.8932237254128484e-05
oscore;schc;;1024;p1;cbor;dns_cbor;1;binvec;rf;n_estimators=250,max_depth=9,random_state=1633250459;;;1759471619;1759471928;570;4.63326544746353e-05;0.00010626778956508947
oscore;schc;;1024;p1;cbor;dns_cbor;1;binvec;rf;n_estimators=250,max_depth=9,random_state=1633250459;;;1759471619;1759471928;571;3.288554197233062e-05;7.004108148415875e-05
oscore;schc;;1024;p1;cbor;dns_cbor;1;binvec;rf;n_estimators=250,max_depth=9,random_state=1633250459;;;1759471619;1759471928;572;2.8130090886574698e-05;8.53102882693646e-05
oscore;schc;;1024;p1;cbor;dns_cbor;1;binvec;rf;n_estimators=250,max_depth=9,random_state=1633250459;;;1759471619;1759471928;573;3.270253315573643e-05;6.769432207622819e-05
oscore;schc;;1024;p1;cbor;dns_cbor;1;binvec;rf;n_estimators=250,max_depth=9,random_state=1633250459;;;1759471619;1759471928;574;4.4692500368607894e-05;0.00010843523470854122
oscore;schc;;1024;p1;cbor;dns_cbor;1;binvec;rf;n_estimators=250,max_depth=9,random_state=1633250459;;;1759471619;1759471928;575;3.19074475224922e-05;0.000124241179792658
oscore;schc;;1024;p1;cbor;dns_cbor;1;binvec;rf;n_estimators=250,max_depth=9,random_state=1633250459;;;1759471619;1759471928;576;4.723393759522586e-05;0.00011496695831145859
oscore;schc;;1024;p1;cbor;dns_cbor;1;binvec;rf;n_estimators=250,max_depth=9,random_state=1633250459;;;1759471619;1759471928;577;3.004758703259062e-05;6.710651649391633e-05
oscore;schc;;1024;p1;cbor;dns_cbor;1;binvec;rf;n_estimators=250,max_depth=9,random_state=1633250459;;;1759471619;1759471928;578;2.3977047992459332e-05;5.8235850085339964e-05
oscore;schc;;1024;p1;cbor;dns_cbor;1;binvec;rf;n_estimators=250,max_depth=9,random_state=1633250459;;;1759471619;1759471928;579;3.815309982289119e-05;0.0001015909458784248
oscore;schc;;1024;p1;cbor;dns_cbor;1;binvec;rf;n_estimators=250,max_depth=9,random_state=1633250459;;;1759471619;1759471928;580;4.3868616540090514e-05;8.661518822487973e-05
oscore;schc;;1024;p1;cbor;dns_cbor;1;binvec;rf;n_estimators=250,max_depth=9,random_state=1633250459;;;1759471619;1759471928;581;4.4164807277953706e-05;0.00010319892490875597
oscore;schc;;1024;p1;cbor;dns_cbor;1;binvec;rf;n_estimators=250,max_depth=9,random_state=1633250459;;;1759471619;1759471928;582;4.249501750723616e-05;7.35963599465192e-05
oscore;schc;;1024;p1;cbor;dns_cbor;1;binvec;rf;n_estimators=250,max_depth=9,random_state=1633250459;;;1759471619;1759471928;583;2.5924362113420573e-05;5.573338172578416e-05
oscore;schc;;1024;p1;cbor;dns_cbor;1;binvec;rf;n_estimators=250,max_depth=9,random_state=1633250459;;;1759471619;1759471928;584;3.6096658527437484e-05;0.00010187227953189222
oscore;schc;;1024;p1;cbor;dns_cbor;1;binvec;rf;n_estimators=250,max_depth=9,random_state=1633250459;;;1759471619;1759471928;585;3.840665382118643e-05;7.875727820482538e-05
oscore;schc;;1024;p1;cbor;dns_cbor;1;binvec;rf;n_estimators=250,max_depth=9,random_state=1633250459;;;1759471619;1759471928;586;4.316896568954969e-05;9.6784040404646e-05
oscore;schc;;1024;p1;cbor;dns_cbor;1;binvec;rf;n_estimators=250,max_depth=9,random_state=1633250459;;;1759471619;1759471928;587;2.899382300319164e-05;6.808761037222341e-05
oscore;schc;;1024;p1;cbor;dns_cbor;1;binvec;rf;n_estimators=250,max_depth=9,random_state=1633250459;;;1759471619;1759471928;588;3.878930666735293e-05;9.826178345346936e-05
oscore;schc;;1024;p1;cbor;dns_cbor;1;binvec;rf;n_estimators=250,max_depth=9,random_state=1633250459;;;1759471619;1759471928;589;3.4380323575526575e-05;7.112371582831957e-05
oscore;schc;;1024;p1;cbor;dns_cbor;1;binvec;rf;n_estimators=250,max_depth=9,random_state=1633250459;;;1759471619;1759471928;590;3.2032965117667615e-05;7.774168496023582e-05
oscore;schc;;1024;p1;cbor;dns_cbor;1;binvec;rf;n_estimators=250,max_depth=9,random_state=1633250459;;;1759471619;1759471928;591;3.596542170958534e-05;7.019988587982708e-05
oscore;schc;;1024;p1;cbor;dns_cbor;1;binvec;rf;n_estimators=250,max_depth=9,random_state=1633250459;;;1759471619;1759471928;592;2.8356466331396476e-05;7.863530248160832e-05
oscore;schc;;1024;p1;cbor;dns_cbor;1;binvec;rf;n_estimators=250,max_depth=9,random_state=1633250459;;;1759471619;1759471928;593;2.9838590777602773e-05;6.26388905570068e-05
oscore;schc;;1024;p1;cbor;dns_cbor;1;binvec;rf;n_estimators=250,max_depth=9,random_state=1633250459;;;1759471619;1759471928;594;3.4654310021787746e-05;7.052329235946172e-05
oscore;schc;;1024;p1;cbor;dns_cbor;1;binvec;rf;n_estimators=250,max_depth=9,random_state=1633250459;;;1759471619;1759471928;595;3.2506935521409224e-05;6.438255977757368e-05
oscore;schc;;1024;p1;cbor;dns_cbor;1;binvec;rf;n_estimators=250,max_depth=9,random_state=1633250459;;;1759471619;1759471928;596;2.7879791233251578e-05;6.177693321320635e-05
oscore;schc;;1024;p1;cbor;dns_cbor;1;binvec;rf;n_estimators=250,max_depth=9,random_state=1633250459;;;1759471619;1759471928;597;3.081638305193183e-05;6.09500377149786e-05
oscore;schc;;1024;p1;cbor;dns_cbor;1;binvec;rf;n_estimators=250,max_depth=9,random_state=1633250459;;;1759471619;1759471928;598;3.23069783864754e-05;6.420403457691225e-05
oscore;schc;;1024;p1;cbor;dns_cbor;1;binvec;rf;n_estimators=250,max_depth=9,random_state=1633250459;;;1759471619;1759471928;599;3.518153621419356e-05;8.520719697226155e-05
oscore;schc;;1024;p1;cbor;dns_cbor;1;binvec;rf;n_estimators=250,max_depth=9,random_state=1633250459;;;1759471619;1759471928;600;3.187127494364607e-05;6.501189917331689e-05
oscore;schc;;1024;p1;cbor;dns_cbor;1;binvec;rf;n_estimators=250,max_depth=9,random_state=1633250459;;;1759471619;1759471928;601;4.001789895433982e-05;7.949233873576965e-05
oscore;schc;;1024;p1;cbor;dns_cbor;1;binvec;rf;n_estimators=250,max_depth=9,random_state=1633250459;;;1759471619;1759471928;602;2.731288267502002e-05;5.286079041586403e-05
oscore;schc;;1024;p1;cbor;dns_cbor;1;binvec;rf;n_estimators=250,max_depth=9,random_state=1633250459;;;1759471619;1759471928;603;3.167644820132067e-05;6.434257214275349e-05
oscore;schc;;1024;p1;cbor;dns_cbor;1;binvec;rf;n_estimators=250,max_depth=9,random_state=1633250459;;;1759471619;1759471928;604;2.935084646917752e-05;6.0794006699142835e-05
oscore;schc;;1024;p1;cbor;dns_cbor;1;binvec;rf;n_estimators=250,max_depth=9,random_state=1633250459;;;1759471619;1759471928;605;3.644763016708286e-05;7.493711161656597e-05
oscore;schc;;1024;p1;cbor;dns_cbor;1;binvec;rf;n_estimators=250,max_depth=9,random_state=1633250459;;;1759471619;1759471928;606;3.1609965568392225e-05;7.629590160434014e-05
oscore;schc;;1024;p1;cbor;dns_cbor;1;binvec;rf;n_estimators=250,max_depth=9,random_state=1633250459;;;1759471619;1759471928;607;3.055748293665526e-05;5.8130563018908195e-05
oscore;schc;;1024;p1;cbor;dns_cbor;1;binvec;rf;n_estimators=250,max_depth=9,random_state=1633250459;;;1759471619;1759471928;608;3.658460199877556e-05;0.00013554420549135698
oscore;schc;;1024;p1;cbor;dns_cbor;1;binvec;rf;n_estimators=250,max_depth=9,random_state=1633250459;;;1759471619;1759471928;609;3.361783871361667e-05;6.892775304184996e-05
oscore;schc;;1024;p1;cbor;dns_cbor;1;binvec;rf;n_estimators=250,max_depth=9,random_state=1633250459;;;1759471619;1759471928;610;3.0189693824950803e-05;6.825310652815396e-05
oscore;schc;;1024;p1;cbor;dns_cbor;1;binvec;rf;n_estimators=250,max_depth=9,random_state=1633250459;;;1759471619;1759471928;611;3.1970596916370025e-05;6.623165622235209e-05
oscore;schc;;1024;p1;cbor;dns_cbor;1;binvec;rf;n_estimators=250,max_depth=9,random_state=1633250459;;;1759471619;1759471928;612;3.2983809832482485e-05;6.424430187320072e-05
oscore;schc;;1024;p1;cbor;dns_cbor;1;binvec;rf;n_estimators=250,max_depth=9,random_state=1633250459;;;1759471619;1759471928;613;3.627443586058766e-05;6.525462723628945e-05
oscore;schc;;1024;p1;cbor;dns_cbor;1;binvec;rf;n_estimators=250,max_depth=9,random_state=1633250459;;;1759471619;1759471928;614;3.181184476583342e-05;6.586989231758579e-05
oscore;schc;;1024;p1;cbor;dns_cbor;1;binvec;rf;n_estimators=250,max_depth=9,random_state=1633250459;;;1759471619;1759471928;615;3.433633526160284e-05;6.29820405099146e-05
oscore;schc;;1024;p1;cbor;dns_cbor;1;binvec;rf;n_estimators=250,max_depth=9,random_state=1633250459;;;1759471619;1759471928;616;2.5233052439227857e-05;4.88202284049688e-05
oscore;schc;;1024;p1;cbor;dns_cbor;1;binvec;rf;n_estimators=250,max_depth=9,random_state=1633250459;;;1759471619;1759471928;617;3.274619324460631e-05;9.626989440000898e-05
oscore;schc;;1024;p1;cbor;dns_cbor;1;binvec;rf;n_estimators=250,max_depth=9,random_state=1633250459;;;1759471619;1759471928;618;3.6422448977141474e-05;8.294736684698999e-05
oscore;schc;;1024;p1;cbor;dns_cbor;1;binvec;rf;n_estimators=250,max_depth=9,random_state=1633250459;;;1759471619;1759471928;619;3.283942639389973e-05;7.522546639328036e-05
oscore;schc;;1024;p1;cbor;dns_cbor;1;binvec;rf;n_estimators=250,max_depth=9,random_state=1633250459;;;1759471619;1759471928;620;3.695798840050277e-05;8.888038340021583e-05
oscore;schc;;1024;p1;cbor;dns_cbor;1;binvec;rf;n_estimators=250,max_depth=9,random_state=1633250459;;;1759471619;1759471928;621;3.585852103897323e-05;7.461334226759569e-05
oscore;schc;;1024;p1;cbor;dns_cbor;1;binvec;rf;n_estimators=250,max_depth=9,random_state=1633250459;;;1759471619;1759471928;622;2.612427695715379e-05;5.965036976362751e-05
oscore;schc;;1024;p1;cbor;dns_cbor;1;binvec;rf;n_estimators=250,max_depth=9,random_state=1633250459;;;1759471619;1759471928;623;2.602697997871425e-05;6.362614220179283e-05
oscore;schc;;1024;p1;cbor;dns_cbor;1;binvec;rf;n_estimators=250,max_depth=9,random_state=1633250459;;;1759471619;1759471928;624;2.828025950466576e-05;5.6331557515757945e-05
oscore;schc;;1024;p1;cbor;dns_cbor;1;binvec;rf;n_estimators=250,max_depth=9,random_state=1633250459;;;1759471619;1759471928;625;3.535084192680292e-05;7.093730079896363e-05
oscore;schc;;1024;p1;cbor;dns_cbor;1;binvec;rf;n_estimators=250,max_depth=9,random_state=1633250459;;;1759471619;1759471928;626;3.177560685320756e-05;6.47620688383888e-05
oscore;schc;;1024;p1;cbor;dns_cbor;1;binvec;rf;n_estimators=250,max_depth=9,random_state=1633250459;;;1759471619;1759471928;627;3.496968223973671e-05;7.16659224159976e-05
oscore;schc;;1024;p1;cbor;dns_cbor;1;binvec;rf;n_estimators=250,max_depth=9,random_state=1633250459;;;1759471619;1759471928;628;3.785593767463459e-05;7.559967427027557e-05
oscore;schc;;1024;p1;cbor;dns_cbor;1;binvec;rf;n_estimators=250,max_depth=9,random_state=1633250459;;;1759471619;1759471928;629;3.542734101073073e-05;6.28571774615848e-05
oscore;schc;;1024;p1;cbor;dns_cbor;1;binvec;rf;n_estimators=250,max_depth=9,random_state=1633250459;;;1759471619;1759471928;630;3.048960506038285e-05;6.468042915597681e-05
oscore;schc;;1024;p1;cbor;dns_cbor;1;binvec;rf;n_estimators=250,max_depth=9,random_state=1633250459;;;1759471619;1759471928;631;2.2952262013611325e-05;5.2690663756800234e-05
oscore;schc;;1024;p1;cbor;dns_cbor;1;binvec;rf;n_estimators=250,max_depth=9,random_state=1633250459;;;1759471619;1759471928;632;3.837109941455569e-05;6.98459455939863e-05
oscore;schc;;1024;p1;cbor;dns_cbor;1;binvec;rf;n_estimators=250,max_depth=9,random_state=1633250459;;;1759471619;1759471928;633;3.734255141534051e-05;7.304654975020366e-05
oscore;schc;;1024;p1;cbor;dns_cbor;1;binvec;rf;n_estimators=250,max_depth=9,random_state=1633250459;;;1759471619;1759471928;634;3.129697315758001e-05;5.883787058067376e-05
oscore;schc;;1024;p1;cbor;dns_cbor;1;binvec;rf;n_estimators=250,max_depth=9,random_state=1633250459;;;1759471619;1759471928;635;3.646594285405067e-05;6.839837144506664e-05
oscore;schc;;1024;p1;cbor;dns_cbor;1;binvec;rf;n_estimators=250,max_depth=9,random_state=1633250459;;;1759471619;1759471928;636;3.2359578509862105e-05;6.773979734432359e-05
oscore;schc;;1024;p1;cbor;dns_cbor;1;binvec;rf;n_estimators=250,max_depth=9,random_state=1633250459;;;1759471619;1759471928;637;2.8691073627414997e-05;6.285610274973364e-05
oscore;schc;;1024;p1;cbor;dns_cbor;1;binvec;rf;n_estimators=250,max_depth=9,random_state=1633250459;;;1759471619;1759471928;638;3.1343631660040396e-05;6.61336881446689e-05
oscore;schc;;1024;p1;cbor;dns_cbor;1;binvec;rf;n_estimators=250,max_depth=9,random_state=1633250459;;;1759471619;1759471928;639;3.670015286315893e-05;7.260541474563069e-05
oscore;schc;;1024;p1;cbor;dns_cbor;1;binvec;rf;n_estimators=250,max_depth=9,random_state=1633250459;;;1759471619;1759471928;640;3.988080394056026e-05;7.578058352140491e-05
oscore;schc;;1024;p1;cbor;dns_cbor;1;binvec;rf;n_estimators=250,max_depth=9,random_state=1633250459;;;1759471619;1759471928;641;3.096548127340206e-05;6.19850348230033e-05
oscore;schc;;1024;p1;cbor;dns_cbor;1;binvec;rf;n_estimators=250,max_depth=9,random_state=1633250459;;;1759471619;1759471928;642;2.4532821144296376e-05;5.5588321351487037e-05
oscore;schc;;1024;p1;cbor;dns_cbor;1;binvec;rf;n_estimators=250,max_depth=9,random_state=1633250459;;;1759471619;1759471928;643;3.7426033380723665e-05;7.992339100552559e-05
oscore;schc;;1024;p1;cbor;dns_cbor;1;binvec;rf;n_estimators=250,max_depth=9,random_state=1633250459;;;1759471619;1759471928;644;3.3842343062083074e-05;7.146277050650193e-05
oscore;schc;;1024;p1;cbor;dns_cbor;1;binvec;rf;n_estimators=250,max_depth=9,random_state=1633250459;;;1759471619;1759471928;645;3.2028737453101995e-05;6.796074903151019e-05
oscore;schc;;1024;p1;cbor;dns_cbor;1;binvec;rf;n_estimators=250,max_depth=9,random_state=1633250459;;;1759471619;1759471928;646;2.0982344614356057e-05;4.704633088725018e-05
oscore;schc;;1024;p1;cbor;dns_cbor;1;binvec;rf;n_estimators=250,max_depth=9,random_state=1633250459;;;1759471619;1759471928;647;3.9368563798221806e-05;9.361186607178546e-05
oscore;schc;;1024;p1;cbor;dns_cbor;1;binvec;rf;n_estimators=250,max_depth=9,random_state=1633250459;;;1759471619;1759471928;648;0.00038751326224282736;0.005620918563895927
oscore;schc;;1024;p1;cbor;dns_cbor;1;binvec;rf;n_estimators=250,max_depth=9,random_state=1633250459;;;1759471619;1759471928;649;3.345828846320312e-05;7.082395064226902e-05
oscore;schc;;1024;p1;cbor;dns_cbor;1;binvec;rf;n_estimators=250,max_depth=9,random_state=1633250459;;;1759471619;1759471928;650;0.0004526655400157697;0.006590015651671961
oscore;schc;;1024;p1;cbor;dns_cbor;1;binvec;rf;n_estimators=250,max_depth=9,random_state=1633250459;;;1759471619;1759471928;651;2.7271088708362362e-05;5.764664066529417e-05
oscore;schc;;1024;p1;cbor;dns_cbor;1;binvec;rf;n_estimators=250,max_depth=9,random_state=1633250459;;;1759471619;1759471928;652;2.6397583327453752e-05;5.375575764624016e-05
oscore;schc;;1024;p1;cbor;dns_cbor;1;binvec;rf;n_estimators=250,max_depth=9,random_state=1633250459;;;1759471619;1759471928;653;3.9086982518017816e-05;8.18238666232679e-05
oscore;schc;;1024;p1;cbor;dns_cbor;1;binvec;rf;n_estimators=250,max_depth=9,random_state=1633250459;;;1759471619;1759471928;654;3.514484300623319e-05;6.711130491994735e-05
oscore;schc;;1024;p1;cbor;dns_cbor;1;binvec;rf;n_estimators=250,max_depth=9,random_state=1633250459;;;1759471619;1759471928;655;3.0545914407335305e-05;6.469252067587409e-05
oscore;schc;;1024;p1;cbor;dns_cbor;1;binvec;rf;n_estimators=250,max_depth=9,random_state=1633250459;;;1759471619;1759471928;656;3.688840523881191e-05;7.189402137671202e-05
oscore;schc;;1024;p1;cbor;dns_cbor;1;binvec;rf;n_estimators=250,max_depth=9,random_state=1633250459;;;1759471619;1759471928;657;2.429262496965945e-05;6.842695853578708e-05
oscore;schc;;1024;p1;cbor;dns_cbor;1;binvec;rf;n_estimators=250,max_depth=9,random_state=1633250459;;;1759471619;1759471928;658;2.554463113734892e-05;6.023745827046704e-05
oscore;schc;;1024;p1;cbor;dns_cbor;1;binvec;rf;n_estimators=250,max_depth=9,random_state=1633250459;;;1759471619;1759471928;659;3.328196786162728e-05;7.733111746503971e-05
oscore;schc;;1024;p1;cbor;dns_cbor;1;binvec;rf;n_estimators=250,max_depth=9,random_state=1633250459;;;1759471619;1759471928;660;3.8425723279044694e-05;0.0001301151790731621
oscore;schc;;1024;p1;cbor;dns_cbor;1;binvec;rf;n_estimators=250,max_depth=9,random_state=1633250459;;;1759471619;1759471928;661;3.684690977870196e-05;6.875381347662944e-05
oscore;schc;;1024;p1;cbor;dns_cbor;1;binvec;rf;n_estimators=250,max_depth=9,random_state=1633250459;;;1759471619;1759471928;662;2.6181019485431584e-05;5.7234096112496665e-05
oscore;schc;;1024;p1;cbor;dns_cbor;1;binvec;rf;n_estimators=250,max_depth=9,random_state=1633250459;;;1759471619;1759471928;663;3.3666766372720167e-05;6.63968363241664e-05
oscore;schc;;1024;p1;cbor;dns_cbor;1;binvec;rf;n_estimators=250,max_depth=9,random_state=1633250459;;;1759471619;1759471928;664;3.052807960816292e-05;6.106569400127154e-05
oscore;schc;;1024;p1;cbor;dns_cbor;1;binvec;rf;n_estimators=250,max_depth=9,random_state=1633250459;;;1759471619;1759471928;665;2.565944828628523e-05;7.714517751365503e-05
oscore;schc;;1024;p1;cbor;dns_cbor;1;binvec;rf;n_estimators=250,max_depth=9,random_state=1633250459;;;1759471619;1759471928;666;3.287101476841882e-05;0.00010340277332912105
oscore;schc;;1024;p1;cbor;dns_cbor;1;binvec;rf;n_estimators=250,max_depth=9,random_state=1633250459;;;1759471619;1759471928;667;0.0001328992238829025;0.0014848096247390317
oscore;schc;;1024;p1;cbor;dns_cbor;1;binvec;rf;n_estimators=250,max_depth=9,random_state=1633250459;;;1759471619;1759471928;668;3.716135196563839e-05;7.85959250760498e-05
oscore;schc;;1024;p1;cbor;dns_cbor;1;binvec;rf;n_estimators=250,max_depth=9,random_state=1633250459;;;1759471619;1759471928;669;2.737789438192496e-05;6.024554984056034e-05
oscore;schc;;1024;p1;cbor;dns_cbor;1;binvec;rf;n_estimators=250,max_depth=9,random_state=1633250459;;;1759471619;1759471928;670;2.5486460426525058e-05;5.606352966884728e-05
oscore;schc;;1024;p1;cbor;dns_cbor;1;binvec;rf;n_estimators=250,max_depth=9,random_state=1633250459;;;1759471619;1759471928;671;2.876024178429394e-05;5.805854400469837e-05
oscore;schc;;1024;p1;cbor;dns_cbor;1;binvec;rf;n_estimators=250,max_depth=9,random_state=1633250459;;;1759471619;1759471928;672;3.328399646511205e-05;6.715614455053957e-05
oscore;schc;;1024;p1;cbor;dns_cbor;1;binvec;rf;n_estimators=250,max_depth=9,random_state=1633250459;;;1759471619;1759471928;673;2.9453372062620954e-05;5.320200556690188e-05
oscore;schc;;1024;p1;cbor;dns_cbor;1;binvec;rf;n_estimators=250,max_depth=9,random_state=1633250459;;;1759471619;1759471928;674;2.6174026898582378e-05;5.718307121044598e-05
oscore;schc;;1024;p1;cbor;dns_cbor;1;binvec;rf;n_estimators=250,max_depth=9,random_state=1633250459;;;1759471619;1759471928;675;3.471705055831036e-05;7.16964448690941e-05
oscore;schc;;1024;p1;cbor;dns_cbor;1;binvec;rf;n_estimators=250,max_depth=9,random_state=1633250459;;;1759471619;1759471928;676;3.071345788812562e-05;6.60744976016774e-05
oscore;schc;;1024;p1;cbor;dns_cbor;1;binvec;rf;n_estimators=250,max_depth=9,random_state=1633250459;;;1759471619;1759471928;677;2.815319431313901e-05;6.772202792076901e-05
oscore;schc;;1024;p1;cbor;dns_cbor;1;binvec;rf;n_estimators=250,max_depth=9,random_state=1633250459;;;1759471619;1759471928;678;3.082803243027994e-05;9.111821786738116e-05
oscore;schc;;1024;p1;cbor;dns_cbor;1;binvec;rf;n_estimators=250,max_depth=9,random_state=1633250459;;;1759471619;1759471928;679;3.015169306337461e-05;5.9893411687802776e-05
oscore;schc;;1024;p1;cbor;dns_cbor;1;binvec;rf;n_estimators=250,max_depth=9,random_state=1633250459;;;1759471619;1759471928;680;2.4219892492613294e-05;5.759814592302243e-05
oscore;schc;;1024;p1;cbor;dns_cbor;1;binvec;rf;n_estimators=250,max_depth=9,random_state=1633250459;;;1759471619;1759471928;681;3.044557438243546e-05;6.431880411812022e-05
oscore;schc;;1024;p1;cbor;dns_cbor;1;binvec;rf;n_estimators=250,max_depth=9,random_state=1633250459;;;1759471619;1759471928;682;2.7357637345976016e-05;6.045135485818789e-05
oscore;schc;;1024;p1;cbor;dns_cbor;1;binvec;rf;n_estimators=250,max_depth=9,random_state=1633250459;;;1759471619;1759471928;683;3.337219380656864e-05;7.297694963214988e-05
oscore;schc;;1024;p1;cbor;dns_cbor;1;binvec;rf;n_estimators=250,max_depth=9,random_state=1633250459;;;1759471619;1759471928;684;3.27548421637906e-05;6.75425716259967e-05
oscore;schc;;1024;p1;cbor;dns_cbor;1;binvec;rf;n_estimators=250,max_depth=9,random_state=1633250459;;;1759471619;1759471928;685;3.4558216592952236e-05;7.750930338587959e-05
oscore;schc;;1024;p1;cbor;dns_cbor;1;binvec;rf;n_estimators=250,max_depth=9,random_state=1633250459;;;1759471619;1759471928;686;2.5298360408283374e-05;5.599789215525389e-05
oscore;schc;;1024;p1;cbor;dns_cbor;1;binvec;rf;n_estimators=250,max_depth=9,random_state=1633250459;;;1759471619;1759471928;687;3.405220431536275e-05;0.00012259706697218459
oscore;schc;;1024;p1;cbor;dns_cbor;1;binvec;rf;n_estimators=250,max_depth=9,random_state=1633250459;;;1759471619;1759471928;688;2.9907505040891595e-05;5.620651219995348e-05
oscore;schc;;1024;p1;cbor;dns_cbor;1;binvec;rf;n_estimators=250,max_depth=9,random_state=1633250459;;;1759471619;1759471928;689;4.001383317875863e-05;0.00010524799469526088
oscore;schc;;1024;p1;cbor;dns_cbor;1;binvec;rf;n_estimators=250,max_depth=9,random_state=1633250459;;;1759471619;1759471928;690;8.529125609288455e-05;0.0008311714624422785
oscore;schc;;1024;p1;cbor;dns_cbor;1;binvec;rf;n_estimators=250,max_depth=9,random_state=1633250459;;;1759471619;1759471928;691;3.651113620297966e-05;7.10366188905705e-05
oscore;schc;;1024;p1;cbor;dns_cbor;1;binvec;rf;n_estimators=250,max_depth=9,random_state=1633250459;;;1759471619;1759471928;692;4.010253938097799e-05;7.628127750457966e-05
oscore;schc;;1024;p1;cbor;dns_cbor;1;binvec;rf;n_estimators=250,max_depth=9,random_state=1633250459;;;1759471619;1759471928;693;4.291305944216367e-05;8.801675847497161e-05
oscore;schc;;1024;p1;cbor;dns_cbor;1;binvec;rf;n_estimators=250,max_depth=9,random_state=1633250459;;;1759471619;1759471928;694;3.20155650329506e-05;6.675244117468947e-05
oscore;schc;;1024;p1;cbor;dns_cbor;1;binvec;rf;n_estimators=250,max_depth=9,random_state=1633250459;;;1759471619;1759471928;695;3.186512904339696e-05;5.998407534604364e-05
oscore;schc;;1024;p1;cbor;dns_cbor;1;binvec;rf;n_estimators=250,max_depth=9,random_state=1633250459;;;1759471619;1759471928;696;3.1566980012287456e-05;7.129704249492143e-05
oscore;schc;;1024;p1;cbor;dns_cbor;1;binvec;rf;n_estimators=250,max_depth=9,random_state=1633250459;;;1759471619;1759471928;697;3.456015214733532e-05;7.403293681462944e-05
oscore;schc;;1024;p1;cbor;dns_cbor;1;binvec;rf;n_estimators=250,max_depth=9,random_state=1633250459;;;1759471619;1759471928;698;3.972621038030569e-05;7.059771642703802e-05
oscore;schc;;1024;p1;cbor;dns_cbor;1;binvec;rf;n_estimators=250,max_depth=9,random_state=1633250459;;;1759471619;1759471928;699;4.3562139639287e-05;0.0001153819162809318
oscore;schc;;1024;p1;cbor;dns_cbor;1;binvec;rf;n_estimators=250,max_depth=9,random_state=1633250459;;;1759471619;1759471928;700;3.771185307492374e-05;0.0001526915925372469
oscore;schc;;1024;p1;cbor;dns_cbor;1;binvec;rf;n_estimators=250,max_depth=9,random_state=1633250459;;;1759471619;1759471928;701;3.9139136578802676e-05;8.557558974513349e-05
oscore;schc;;1024;p1;cbor;dns_cbor;1;binvec;rf;n_estimators=250,max_depth=9,random_state=1633250459;;;1759471619;1759471928;702;5.1499929351749355e-05;0.000181150075598078
oscore;schc;;1024;p1;cbor;dns_cbor;1;binvec;rf;n_estimators=250,max_depth=9,random_state=1633250459;;;1759471619;1759471928;703;3.6715760581158726e-05;8.041886406298683e-05
oscore;schc;;1024;p1;cbor;dns_cbor;1;binvec;rf;n_estimators=250,max_depth=9,random_state=1633250459;;;1759471619;1759471928;704;5.081742130039965e-05;0.00017647240661975005
oscore;schc;;1024;p1;cbor;dns_cbor;1;binvec;rf;n_estimators=250,max_depth=9,random_state=1633250459;;;1759471619;1759471928;705;3.4969282608774914e-05;0.0001141148237065098
oscore;schc;;1024;p1;cbor;dns_cbor;1;binvec;rf;n_estimators=250,max_depth=9,random_state=1633250459;;;1759471619;1759471928;706;5.7850948748998353e-05;0.0002225168368980197
oscore;schc;;1024;p1;cbor;dns_cbor;1;binvec;rf;n_estimators=250,max_depth=9,random_state=1633250459;;;1759471619;1759471928;707;4.742774378508681e-05;0.00011683860733340666
oscore;schc;;1024;p1;cbor;dns_cbor;1;binvec;rf;n_estimators=250,max_depth=9,random_state=1633250459;;;1759471619;1759471928;708;6.449817579453567e-05;0.0002459039887658188
oscore;schc;;1024;p1;cbor;dns_cbor;1;binvec;rf;n_estimators=250,max_depth=9,random_state=1633250459;;;1759471619;1759471928;709;4.615700734217418e-05;9.67683572081606e-05
oscore;schc;;1024;p1;cbor;dns_cbor;1;binvec;rf;n_estimators=250,max_depth=9,random_state=1633250459;;;1759471619;1759471928;710;3.651230637086958e-05;8.36457383760508e-05
oscore;schc;;1024;p1;cbor;dns_cbor;1;binvec;rf;n_estimators=250,max_depth=9,random_state=1633250459;;;1759471619;1759471928;711;3.2402221198703694e-05;7.227008717394785e-05
oscore;schc;;1024;p1;cbor;dns_cbor;1;binvec;rf;n_estimators=250,max_depth=9,random_state=1633250459;;;1759471619;1759471928;712;0.0006857212665834642;0.010051548452524874
oscore;schc;;1024;p1;cbor;dns_cbor;1;binvec;rf;n_estimators=250,max_depth=9,random_state=1633250459;;;1759471619;1759471928;713;7.838182793158629e-05;0.0007073699863271127
oscore;schc;;1024;p1;cbor;dns_cbor;1;binvec;rf;n_estimators=250,max_depth=9,random_state=1633250459;;;1759471619;1759471928;714;4.5331673937154405e-05;0.00018617055310607831
oscore;schc;;1024;p1;cbor;dns_cbor;1;binvec;rf;n_estimators=250,max_depth=9,random_state=1633250459;;;1759471619;1759471928;715;0.0010349242083239239;0.011515503540436017
oscore;schc;;1024;p1;cbor;dns_cbor;1;binvec;rf;n_estimators=250,max_depth=9,random_state=1633250459;;;1759471619;1759471928;716;4.346549693259427e-05;9.770143402954935e-05
oscore;schc;;1024;p1;cbor;dns_cbor;1;binvec;rf;n_estimators=250,max_depth=9,random_state=1633250459;;;1759471619;1759471928;717;3.675804737823668e-05;9.593260661781977e-05
oscore;schc;;1024;p1;cbor;dns_cbor;1;binvec;rf;n_estimators=250,max_depth=9,random_state=1633250459;;;1759471619;1759471928;718;0.00017236886795884312;0.0017054096251744295
oscore;schc;;1024;p1;cbor;dns_cbor;1;binvec;rf;n_estimators=250,max_depth=9,random_state=1633250459;;;1759471619;1759471928;719;2.5370291793969205e-05;5.617161467681822e-05
oscore;schc;;1024;p1;cbor;dns_cbor;1;binvec;rf;n_estimators=250,max_depth=9,random_state=1633250459;;;1759471619;1759471928;720;0.0006579560316559107;0.009629134799991368
oscore;schc;;1024;p1;cbor;dns_cbor;1;binvec;rf;n_estimators=250,max_depth=9,random_state=1633250459;;;1759471619;1759471928;721;0.0007556620344381705;0.010852904510076273
oscore;schc;;1024;p1;cbor;dns_cbor;1;binvec;rf;n_estimators=250,max_depth=9,random_state=1633250459;;;1759471619;1759471928;722;0.0006090003090571582;0.009063399932879601
oscore;schc;;1024;p1;cbor;dns_cbor;1;binvec;rf;n_estimators=250,max_depth=9,random_state=1633250459;;;1759471619;1759471928;723;4.455929962052042e-05;0.00015132339833992656
oscore;schc;;1024;p1;cbor;dns_cbor;1;binvec;rf;n_estimators=250,max_depth=9,random_state=1633250459;;;1759471619;1759471928;724;0.00010349228452549318;0.0005982775353724224
oscore;schc;;1024;p1;cbor;dns_cbor;1;binvec;rf;n_estimators=250,max_depth=9,random_state=1633250459;;;1759471619;1759471928;725;0.0004517272278343004;0.006244658061541355
oscore;schc;;1024;p1;cbor;dns_cbor;1;binvec;rf;n_estimators=250,max_depth=9,random_state=1633250459;;;1759471619;1759471928;726;0.0007799349923618483;0.011377972474021295
oscore;schc;;1024;p1;cbor;dns_cbor;1;binvec;rf;n_estimators=250,max_depth=9,random_state=1633250459;;;1759471619;1759471928;727;4.328042401332764e-05;0.00015800224671533406
oscore;schc;;1024;p1;cbor;dns_cbor;1;binvec;rf;n_estimators=250,max_depth=9,random_state=1633250459;;;1759471619;1759471928;728;0.0010140553829322684;0.01085125782489004
oscore;schc;;1024;p1;cbor;dns_cbor;1;binvec;rf;n_estimators=250,max_depth=9,random_state=1633250459;;;1759471619;1759471928;729;0.0001977115618329175;0.0015404154991449928
oscore;schc;;1024;p1;cbor;dns_cbor;1;binvec;rf;n_estimators=250,max_depth=9,random_state=1633250459;;;1759471619;1759471928;730;0.0001890000128722405;0.001977650079969657
oscore;schc;;1024;p1;cbor;dns_cbor;1;binvec;rf;n_estimators=250,max_depth=9,random_state=1633250459;;;1759471619;1759471928;731;0.0007532290782732803;0.010211656994106729
oscore;schc;;1024;p1;cbor;dns_cbor;1;binvec;rf;n_estimators=250,max_depth=9,random_state=1633250459;;;1759471619;1759471928;732;0.0005351584204990702;0.005992936626207776
oscore;schc;;1024;p1;cbor;dns_cbor;1;binvec;rf;n_estimators=250,max_depth=9,random_state=1633250459;;;1759471619;1759471928;733;0.0004611069613125128;0.006151702574549391
oscore;schc;;1024;p1;cbor;dns_cbor;1;binvec;rf;n_estimators=250,max_depth=9,random_state=1633250459;;;1759471619;1759471928;734;0.0001749855880100377;0.0015459497071257287
oscore;schc;;1024;p1;cbor;dns_cbor;1;binvec;rf;n_estimators=250,max_depth=9,random_state=1633250459;;;1759471619;1759471928;735;0.0011462976589841206;0.012047885158134364
oscore;schc;;1024;p1;cbor;dns_cbor;1;binvec;rf;n_estimators=250,max_depth=9,random_state=1633250459;;;1759471619;1759471928;736;0.0008743231735911603;0.012222691511408713
oscore;schc;;1024;p1;cbor;dns_cbor;1;binvec;rf;n_estimators=250,max_depth=9,random_state=1633250459;;;1759471619;1759471928;737;0.00014729297623409593;0.0007346539297674021
oscore;schc;;1024;p1;cbor;dns_cbor;1;binvec;rf;n_estimators=250,max_depth=9,random_state=1633250459;;;1759471619;1759471928;738;0.00020053191671397615;0.0010689510252474294
oscore;schc;;1024;p1;cbor;dns_cbor;1;binvec;rf;n_estimators=250,max_depth=9,random_state=1633250459;;;1759471619;1759471928;739;0.001123778599762526;0.01268960098320155
oscore;schc;;1024;p1;cbor;dns_cbor;1;binvec;rf;n_estimators=250,max_depth=9,random_state=1633250459;;;1759471619;1759471928;740;0.00018284674270670193;0.0017970074557286217
oscore;schc;;1024;p1;cbor;dns_cbor;1;binvec;rf;n_estimators=250,max_depth=9,random_state=1633250459;;;1759471619;1759471928;741;0.00014326027978339714;0.0008522979725608406
oscore;schc;;1024;p1;cbor;dns_cbor;1;binvec;rf;n_estimators=250,max_depth=9,random_state=1633250459;;;1759471619;1759471928;742;0.0001376373610362719;0.000722443625734577
oscore;schc;;1024;p1;cbor;dns_cbor;1;binvec;rf;n_estimators=250,max_depth=9,random_state=1633250459;;;1759471619;1759471928;743;0.00028386651155690943;0.002545086286415701
oscore;schc;;1024;p1;cbor;dns_cbor;1;binvec;rf;n_estimators=250,max_depth=9,random_state=1633250459;;;1759471619;1759471928;744;0.001294665333891282;0.012495951259394792
oscore;schc;;1024;p1;cbor;dns_cbor;1;binvec;rf;n_estimators=250,max_depth=9,random_state=1633250459;;;1759471619;1759471928;745;0.001621215701121879;0.0144302343116345
oscore;schc;;1024;p1;cbor;dns_cbor;1;binvec;rf;n_estimators=250,max_depth=9,random_state=1633250459;;;1759471619;1759471928;746;0.002297652530464674;0.01850679040788763
oscore;schc;;1024;p1;cbor;dns_cbor;1;binvec;rf;n_estimators=250,max_depth=9,random_state=1633250459;;;1759471619;1759471928;747;0.002004685676734715;0.01723593073743337
oscore;schc;;1024;p1;cbor;dns_cbor;1;binvec;rf;n_estimators=250,max_depth=9,random_state=1633250459;;;1759471619;1759471928;748;0.000824679303228403;0.008741197963047266
oscore;schc;;1024;p1;cbor;dns_cbor;1;binvec;rf;n_estimators=250,max_depth=9,random_state=1633250459;;;1759471619;1759471928;749;0.0006792825127863189;0.006973892942288273
oscore;schc;;1024;p1;cbor;dns_cbor;1;binvec;rf;n_estimators=250,max_depth=9,random_state=1633250459;;;1759471619;1759471928;750;0.0012802342120460134;0.012910860554429741
oscore;schc;;1024;p1;cbor;dns_cbor;1;binvec;rf;n_estimators=250,max_depth=9,random_state=1633250459;;;1759471619;1759471928;751;0.00021671211962614943;0.0015644657253977479
oscore;schc;;1024;p1;cbor;dns_cbor;1;binvec;rf;n_estimators=250,max_depth=9,random_state=1633250459;;;1759471619;1759471928;752;0.002119931429642371;0.014188620230989732
oscore;schc;;1024;p1;cbor;dns_cbor;1;binvec;rf;n_estimators=250,max_depth=9,random_state=1633250459;;;1759471619;1759471928;753;0.003099431235374103;0.023508596176112447
oscore;schc;;1024;p1;cbor;dns_cbor;1;binvec;rf;n_estimators=250,max_depth=9,random_state=1633250459;;;1759471619;1759471928;754;0.00012653267961652565;0.0007554136855681756
oscore;schc;;1024;p1;cbor;dns_cbor;1;binvec;rf;n_estimators=250,max_depth=9,random_state=1633250459;;;1759471619;1759471928;755;0.0017817976817262634;0.017583500770653855
oscore;schc;;1024;p1;cbor;dns_cbor;1;binvec;rf;n_estimators=250,max_depth=9,random_state=1633250459;;;1759471619;1759471928;756;0.001941809516296862;0.01729718789800912
oscore;schc;;1024;p1;cbor;dns_cbor;1;binvec;rf;n_estimators=250,max_depth=9,random_state=1633250459;;;1759471619;1759471928;757;0.0022566942819871763;0.019794393836021454
oscore;schc;;1024;p1;cbor;dns_cbor;1;binvec;rf;n_estimators=250,max_depth=9,random_state=1633250459;;;1759471619;1759471928;758;0.0032311062993943132;0.02223602368605278
oscore;schc;;1024;p1;cbor;dns_cbor;1;binvec;rf;n_estimators=250,max_depth=9,random_state=1633250459;;;1759471619;1759471928;759;0.003766203638977269;0.026458162975031528
oscore;schc;;1024;p1;cbor;dns_cbor;1;binvec;rf;n_estimators=250,max_depth=9,random_state=1633250459;;;1759471619;1759471928;760;0.002314133376387597;0.018514816594996604
oscore;schc;;1024;p1;cbor;dns_cbor;1;binvec;rf;n_estimators=250,max_depth=9,random_state=1633250459;;;1759471619;1759471928;761;0.003016914907891349;0.020434842005404002
oscore;schc;;1024;p1;cbor;dns_cbor;1;binvec;rf;n_estimators=250,max_depth=9,random_state=1633250459;;;1759471619;1759471928;762;0.0014799143895981638;0.011557478929615807
oscore;schc;;1024;p1;cbor;dns_cbor;1;binvec;rf;n_estimators=250,max_depth=9,random_state=1633250459;;;1759471619;1759471928;763;0.0012705780861435986;0.012862999380472962
oscore;schc;;1024;p1;cbor;dns_cbor;1;binvec;rf;n_estimators=250,max_depth=9,random_state=1633250459;;;1759471619;1759471928;764;0.00229622648427968;0.020167859428266186
oscore;schc;;1024;p1;cbor;dns_cbor;1;binvec;rf;n_estimators=250,max_depth=9,random_state=1633250459;;;1759471619;1759471928;765;0.0035981003037727005;0.024598680641628595
oscore;schc;;1024;p1;cbor;dns_cbor;1;binvec;rf;n_estimators=250,max_depth=9,random_state=1633250459;;;1759471619;1759471928;766;7.533344063091398e-05;0.00031588531792580863
oscore;schc;;1024;p1;cbor;dns_cbor;1;binvec;rf;n_estimators=250,max_depth=9,random_state=1633250459;;;1759471619;1759471928;767;0.0029364214695075455;0.02249701957978687
oscore;schc;;1024;p1;cbor;dns_cbor;1;binvec;rf;n_estimators=250,max_depth=9,random_state=1633250459;;;1759471619;1759471928;768;0.003032580112403515;0.02316600001659107
oscore;schc;;1024;p1;cbor;dns_cbor;1;binvec;rf;n_estimators=250,max_depth=9,random_state=1633250459;;;1759471619;1759471928;769;0.004495165841663621;0.02730400763542097
oscore;schc;;1024;p1;cbor;dns_cbor;1;binvec;rf;n_estimators=250,max_depth=9,random_state=1633250459;;;1759471619;1759471928;770;0.0036685125494970165;0.022946953787818285
oscore;schc;;1024;p1;cbor;dns_cbor;1;binvec;rf;n_estimators=250,max_depth=9,random_state=1633250459;;;1759471619;1759471928;771;0.004892245735527293;0.028969465141767004
oscore;schc;;1024;p1;cbor;dns_cbor;1;binvec;rf;n_estimators=250,max_depth=9,random_state=1633250459;;;1759471619;1759471928;772;0.0014232770212260157;0.014963595750900609
oscore;schc;;1024;p1;cbor;dns_cbor;1;binvec;rf;n_estimators=250,max_depth=9,random_state=1633250459;;;1759471619;1759471928;773;0.004852763136728385;0.028275093263817504
oscore;schc;;1024;p1;cbor;dns_cbor;1;binvec;rf;n_estimators=250,max_depth=9,random_state=1633250459;;;1759471619;1759471928;774;0.0027692979463405836;0.021741728801497315
oscore;schc;;1024;p1;cbor;dns_cbor;1;binvec;rf;n_estimators=250,max_depth=9,random_state=1633250459;;;1759471619;1759471928;775;0.004511685890527047;0.02874026778137921
oscore;schc;;1024;p1;cbor;dns_cbor;1;binvec;rf;n_estimators=250,max_depth=9,random_state=1633250459;;;1759471619;1759471928;776;0.002958730714396848;0.0214037697747984
oscore;schc;;1024;p1;cbor;dns_cbor;1;binvec;rf;n_estimators=250,max_depth=9,random_state=1633250459;;;1759471619;1759471928;777;0.0029758495435299966;0.02059183641379617
oscore;schc;;1024;p1;cbor;dns_cbor;1;binvec;rf;n_estimators=250,max_depth=9,random_state=1633250459;;;1759471619;1759471928;778;0.005693843890369855;0.031726685445371466
oscore;schc;;1024;p1;cbor;dns_cbor;1;binvec;rf;n_estimators=250,max_depth=9,random_state=1633250459;;;1759471619;1759471928;779;0.002932998370244978;0.02072286368918102
oscore;schc;;1024;p1;cbor;dns_cbor;1;binvec;rf;n_estimators=250,max_depth=9,random_state=1633250459;;;1759471619;1759471928;780;0.0044542724379721425;0.025979604330035853
oscore;schc;;1024;p1;cbor;dns_cbor;1;binvec;rf;n_estimators=250,max_depth=9,random_state=1633250459;;;1759471619;1759471928;781;0.003453547613920626;0.02226774136440969
oscore;schc;;1024;p1;cbor;dns_cbor;1;binvec;rf;n_estimators=250,max_depth=9,random_state=1633250459;;;1759471619;1759471928;782;0.0057267884753350335;0.029860286380468313
oscore;schc;;1024;p1;cbor;dns_cbor;1;binvec;rf;n_estimators=250,max_depth=9,random_state=1633250459;;;1759471619;1759471928;783;0.003829116491259765;0.023022432601933235
oscore;schc;;1024;p1;cbor;dns_cbor;1;binvec;rf;n_estimators=250,max_depth=9,random_state=1633250459;;;1759471619;1759471928;784;0.0015853841770106928;0.013558713628564702
oscore;schc;;1024;p1;cbor;dns_cbor;1;binvec;rf;n_estimators=250,max_depth=9,random_state=1633250459;;;1759471619;1759471928;785;0.004050948743571081;0.026040609125099763
oscore;schc;;1024;p1;cbor;dns_cbor;1;binvec;rf;n_estimators=250,max_depth=9,random_state=1633250459;;;1759471619;1759471928;786;0.0021269226654099544;0.017914956002924084
oscore;schc;;1024;p1;cbor;dns_cbor;1;binvec;rf;n_estimators=250,max_depth=9,random_state=1633250459;;;1759471619;1759471928;787;0.0024944630054562055;0.0191819842328596
oscore;schc;;1024;p1;cbor;dns_cbor;1;binvec;rf;n_estimators=250,max_depth=9,random_state=1633250459;;;1759471619;1759471928;788;0.003249851782604154;0.021720186934563568
oscore;schc;;1024;p1;cbor;dns_cbor;1;binvec;rf;n_estimators=250,max_depth=9,random_state=1633250459;;;1759471619;1759471928;789;0.001570508399450445;0.016931556115573454
oscore;schc;;1024;p1;cbor;dns_cbor;1;binvec;rf;n_estimators=250,max_depth=9,random_state=1633250459;;;1759471619;1759471928;790;0.0025941465709733284;0.019616506749611736
oscore;schc;;1024;p1;cbor;dns_cbor;1;binvec;rf;n_estimators=250,max_depth=9,random_state=1633250459;;;1759471619;1759471928;791;0.0011539993786925105;0.012268991862846437
oscore;schc;;1024;p1;cbor;dns_cbor;1;binvec;rf;n_estimators=250,max_depth=9,random_state=1633250459;;;1759471619;1759471928;792;0.003461684587650536;0.024073451909547985
oscore;schc;;1024;p1;cbor;dns_cbor;1;binvec;rf;n_estimators=250,max_depth=9,random_state=1633250459;;;1759471619;1759471928;793;0.0023083708973107614;0.019479271421357785
oscore;schc;;1024;p1;cbor;dns_cbor;1;binvec;rf;n_estimators=250,max_depth=9,random_state=1633250459;;;1759471619;1759471928;794;0.002551631596010865;0.019408867264783553
oscore;schc;;1024;p1;cbor;dns_cbor;1;binvec;rf;n_estimators=250,max_depth=9,random_state=1633250459;;;1759471619;1759471928;795;0.002687696676518376;0.021249634894840483
oscore;schc;;1024;p1;cbor;dns_cbor;1;binvec;rf;n_estimators=250,max_depth=9,random_state=1633250459;;;1759471619;1759471928;796;0.0009631341904694172;0.012376170937943836
oscore;schc;;1024;p1;cbor;dns_cbor;1;binvec;rf;n_estimators=250,max_depth=9,random_state=1633250459;;;1759471619;1759471928;797;0.00021783996169909956;0.001950368109186776
oscore;schc;;1024;p1;cbor;dns_cbor;1;binvec;rf;n_estimators=250,max_depth=9,random_state=1633250459;;;1759471619;1759471928;798;0.001234949762167496;0.013939080598612118
oscore;schc;;1024;p1;cbor;dns_cbor;1;binvec;rf;n_estimators=250,max_depth=9,random_state=1633250459;;;1759471619;1759471928;799;7.163126601708258e-05;0.00034497054793853753
oscore;schc;;1024;p1;cbor;dns_cbor;1;binvec;rf;n_estimators=250,max_depth=9,random_state=1633250459;;;1759471619;1759471928;800;0.00028627475108844176;0.002415372124961211
oscore;schc;;1024;p1;cbor;dns_cbor;1;binvec;rf;n_estimators=250,max_depth=9,random_state=1633250459;;;1759471619;1759471928;801;0.001400088920384027;0.014426786295220262
oscore;schc;;1024;p1;cbor;dns_cbor;1;binvec;rf;n_estimators=250,max_depth=9,random_state=1633250459;;;1759471619;1759471928;802;0.0009123470444079578;0.011218282883410965
oscore;schc;;1024;p1;cbor;dns_cbor;1;binvec;rf;n_estimators=250,max_depth=9,random_state=1633250459;;;1759471619;1759471928;803;0.0010336116387411106;0.013247513580779625
oscore;schc;;1024;p1;cbor;dns_cbor;1;binvec;rf;n_estimators=250,max_depth=9,random_state=1633250459;;;1759471619;1759471928;804;0.00029249486614101245;0.0026555809216295624
oscore;schc;;1024;p1;cbor;dns_cbor;1;binvec;rf;n_estimators=250,max_depth=9,random_state=1633250459;;;1759471619;1759471928;805;0.002192216181499071;0.018562222948275992
oscore;schc;;1024;p1;cbor;dns_cbor;1;binvec;rf;n_estimators=250,max_depth=9,random_state=1633250459;;;1759471619;1759471928;806;0.0006822979630633833;0.006898413620417867
oscore;schc;;1024;p1;cbor;dns_cbor;1;binvec;rf;n_estimators=250,max_depth=9,random_state=1633250459;;;1759471619;1759471928;807;0.00021572503627526328;0.0014968912329029816
oscore;schc;;1024;p1;cbor;dns_cbor;1;binvec;rf;n_estimators=250,max_depth=9,random_state=1633250459;;;1759471619;1759471928;808;0.0005904015585529591;0.007356929837031716
oscore;schc;;1024;p1;cbor;dns_cbor;1;binvec;rf;n_estimators=250,max_depth=9,random_state=1633250459;;;1759471619;1759471928;809;0.0005388135771784701;0.007286437329084274
oscore;schc;;1024;p1;cbor;dns_cbor;1;binvec;rf;n_estimators=250,max_depth=9,random_state=1633250459;;;1759471619;1759471928;810;0.00012713757357195354;0.0008669011860175972
oscore;schc;;1024;p1;cbor;dns_cbor;1;binvec;rf;n_estimators=250,max_depth=9,random_state=1633250459;;;1759471619;1759471928;811;0.00035168018208478973;0.0026075756781871323
oscore;schc;;1024;p1;cbor;dns_cbor;1;binvec;rf;n_estimators=250,max_depth=9,random_state=1633250459;;;1759471619;1759471928;812;0.0005249712847712931;0.006569464834161744
oscore;schc;;1024;p1;cbor;dns_cbor;1;binvec;rf;n_estimators=250,max_depth=9,random_state=1633250459;;;1759471619;1759471928;813;0.00012792842145580098;0.0008337227393801425
oscore;schc;;1024;p1;cbor;dns_cbor;1;binvec;rf;n_estimators=250,max_depth=9,random_state=1633250459;;;1759471619;1759471928;814;0.00022661573083173015;0.0013826673986813097
oscore;schc;;1024;p1;cbor;dns_cbor;1;binvec;rf;n_estimators=250,max_depth=9,random_state=1633250459;;;1759471619;1759471928;815;0.0006953904474080714;0.009237937705185292
oscore;schc;;1024;p1;cbor;dns_cbor;1;binvec;rf;n_estimators=250,max_depth=9,random_state=1633250459;;;1759471619;1759471928;816;0.0002632020398737095;0.001888833584701052
oscore;schc;;1024;p1;cbor;dns_cbor;1;binvec;rf;n_estimators=250,max_depth=9,random_state=1633250459;;;1759471619;1759471928;817;0.00034227226545817765;0.002405739388851081
oscore;schc;;1024;p1;cbor;dns_cbor;1;binvec;rf;n_estimators=250,max_depth=9,random_state=1633250459;;;1759471619;1759471928;818;0.0001735502988038407;0.0008336368877009169
oscore;schc;;1024;p1;cbor;dns_cbor;1;binvec;rf;n_estimators=250,max_depth=9,random_state=1633250459;;;1759471619;1759471928;819;0.0006187647195159001;0.008439922896625457
oscore;schc;;1024;p1;cbor;dns_cbor;1;binvec;rf;n_estimators=250,max_depth=9,random_state=1633250459;;;1759471619;1759471928;820;0.0007669205614213864;0.010501806968737466
oscore;schc;;1024;p1;cbor;dns_cbor;1;binvec;rf;n_estimators=250,max_depth=9,random_state=1633250459;;;1759471619;1759471928;821;0.0004400124010394368;0.0021293006233313147
oscore;schc;;1024;p1;cbor;dns_cbor;1;binvec;rf;n_estimators=250,max_depth=9,random_state=1633250459;;;1759471619;1759471928;822;0.000828948390046188;0.009200773710991329
oscore;schc;;1024;p1;cbor;dns_cbor;1;binvec;rf;n_estimators=250,max_depth=9,random_state=1633250459;;;1759471619;1759471928;823;0.00011684865241836047;0.0007021151367790301
oscore;schc;;1024;p1;cbor;dns_cbor;1;binvec;rf;n_estimators=250,max_depth=9,random_state=1633250459;;;1759471619;1759471928;824;0.00022779978637508757;0.0014760057591363378
oscore;schc;;1024;p1;cbor;dns_cbor;1;binvec;rf;n_estimators=250,max_depth=9,random_state=1633250459;;;1759471619;1759471928;825;0.00020646838587419438;0.0011346434196537933
oscore;schc;;1024;p1;cbor;dns_cbor;1;binvec;rf;n_estimators=250,max_depth=9,random_state=1633250459;;;1759471619;1759471928;826;0.00017090676695283145;0.0007747394417522007
oscore;schc;;1024;p1;cbor;dns_cbor;1;binvec;rf;n_estimators=250,max_depth=9,random_state=1633250459;;;1759471619;1759471928;827;0.00011886133101503324;0.000749539782919085
oscore;schc;;1024;p1;cbor;dns_cbor;1;binvec;rf;n_estimators=250,max_depth=9,random_state=1633250459;;;1759471619;1759471928;828;0.0002848863031257421;0.0014578549352286378
oscore;schc;;1024;p1;cbor;dns_cbor;1;binvec;rf;n_estimators=250,max_depth=9,random_state=1633250459;;;1759471619;1759471928;829;0.0004965687620114423;0.005834355280496715
oscore;schc;;1024;p1;cbor;dns_cbor;1;binvec;rf;n_estimators=250,max_depth=9,random_state=1633250459;;;1759471619;1759471928;830;0.0002625747980005807;0.0014292189805199338
oscore;schc;;1024;p1;cbor;dns_cbor;1;binvec;rf;n_estimators=250,max_depth=9,random_state=1633250459;;;1759471619;1759471928;831;8.684048924422302e-05;0.0003842340293151763
oscore;schc;;1024;p1;cbor;dns_cbor;1;binvec;rf;n_estimators=250,max_depth=9,random_state=1633250459;;;1759471619;1759471928;832;0.0001218527570232994;0.0006175825297556446
oscore;schc;;1024;p1;cbor;dns_cbor;1;binvec;rf;n_estimators=250,max_depth=9,random_state=1633250459;;;1759471619;1759471928;833;0.0001401623617989925;0.0009322367698329134
oscore;schc;;1024;p1;cbor;dns_cbor;1;binvec;rf;n_estimators=250,max_depth=9,random_state=1633250459;;;1759471619;1759471928;834;0.00014244047964312133;0.0006905477831510748
oscore;schc;;1024;p1;cbor;dns_cbor;1;binvec;rf;n_estimators=250,max_depth=9,random_state=1633250459;;;1759471619;1759471928;835;0.00014412821442062463;0.0006955740295986407
oscore;schc;;1024;p1;cbor;dns_cbor;1;binvec;rf;n_estimators=250,max_depth=9,random_state=1633250459;;;1759471619;1759471928;836;0.00018323663580585177;0.0009628238254160459
oscore;schc;;1024;p1;cbor;dns_cbor;1;binvec;rf;n_estimators=250,max_depth=9,random_state=1633250459;;;1759471619;1759471928;837;0.00010135235378128157;0.00045552637848474283
oscore;schc;;1024;p1;cbor;dns_cbor;1;binvec;rf;n_estimators=250,max_depth=9,random_state=1633250459;;;1759471619;1759471928;838;9.599379103283094e-05;0.0008287997322052767
oscore;schc;;1024;p1;cbor;dns_cbor;1;binvec;rf;n_estimators=250,max_depth=9,random_state=1633250459;;;1759471619;1759471928;839;0.00015236434051873346;0.0007486393076399863
oscore;schc;;1024;p1;cbor;dns_cbor;1;binvec;rf;n_estimators=250,max_depth=9,random_state=1633250459;;;1759471619;1759471928;840;3.615444055209565e-05;9.220549875922719e-05
oscore;schc;;1024;p1;cbor;dns_cbor;1;binvec;rf;n_estimators=250,max_depth=9,random_state=1633250459;;;1759471619;1759471928;841;7.350375842289758e-05;0.00034772788766833493
oscore;schc;;1024;p1;cbor;dns_cbor;1;binvec;rf;n_estimators=250,max_depth=9,random_state=1633250459;;;1759471619;1759471928;842;6.398664723788996e-05;0.00028972030387008386
oscore;schc;;1024;p1;cbor;dns_cbor;1;binvec;rf;n_estimators=250,max_depth=9,random_state=1633250459;;;1759471619;1759471928;843;3.607450234889229e-05;0.00010802027263748671
oscore;schc;;1024;p1;cbor;dns_cbor;1;binvec;rf;n_estimators=250,max_depth=9,random_state=1633250459;;;1759471619;1759471928;844;0.000555553623827562;0.007744641555344409
oscore;schc;;1024;p1;cbor;dns_cbor;1;binvec;rf;n_estimators=250,max_depth=9,random_state=1633250459;;;1759471619;1759471928;845;0.0001955867100392576;0.0011262451650989695
oscore;schc;;1024;p1;cbor;dns_cbor;1;binvec;rf;n_estimators=250,max_depth=9,random_state=1633250459;;;1759471619;1759471928;846;8.09564220028305e-05;0.0004103731207816313
oscore;schc;;1024;p1;cbor;dns_cbor;1;binvec;rf;n_estimators=250,max_depth=9,random_state=1633250459;;;1759471619;1759471928;847;0.00017229922535373686;0.0009164871605167973
oscore;schc;;1024;p1;cbor;dns_cbor;1;binvec;rf;n_estimators=250,max_depth=9,random_state=1633250459;;;1759471619;1759471928;848;7.265558528264607e-05;0.0005325404096392191
oscore;schc;;1024;p1;cbor;dns_cbor;1;binvec;rf;n_estimators=250,max_depth=9,random_state=1633250459;;;1759471619;1759471928;849;5.894981092360362e-05;0.00032212369453305114
oscore;schc;;1024;p1;cbor;dns_cbor;1;binvec;rf;n_estimators=250,max_depth=9,random_state=1633250459;;;1759471619;1759471928;850;3.401070033390955e-05;0.00021419322201422734
oscore;schc;;1024;p1;cbor;dns_cbor;1;binvec;rf;n_estimators=250,max_depth=9,random_state=1633250459;;;1759471619;1759471928;851;5.827467022762389e-05;0.0003316090042052132
oscore;schc;;1024;p1;cbor;dns_cbor;1;binvec;rf;n_estimators=250,max_depth=9,random_state=1633250459;;;1759471619;1759471928;852;8.333036358846068e-05;0.0005808012306965157
oscore;schc;;1024;p1;cbor;dns_cbor;1;binvec;rf;n_estimators=250,max_depth=9,random_state=1633250459;;;1759471619;1759471928;853;6.352478636652185e-05;0.00026764579910732426
oscore;schc;;1024;p1;cbor;dns_cbor;1;binvec;rf;n_estimators=250,max_depth=9,random_state=1633250459;;;1759471619;1759471928;854;6.63607119786499e-05;0.0004730037149297115
oscore;schc;;1024;p1;cbor;dns_cbor;1;binvec;rf;n_estimators=250,max_depth=9,random_state=1633250459;;;1759471619;1759471928;855;3.194167109889956e-05;0.00011921302790853896
oscore;schc;;1024;p1;cbor;dns_cbor;1;binvec;rf;n_estimators=250,max_depth=9,random_state=1633250459;;;1759471619;1759471928;856;3.727672749127927e-05;0.00035029648603821396
oscore;schc;;1024;p1;cbor;dns_cbor;1;binvec;rf;n_estimators=250,max_depth=9,random_state=1633250459;;;1759471619;1759471928;857;2.091951083789829e-05;6.27727185869294e-05
oscore;schc;;1024;p1;cbor;dns_cbor;1;binvec;rf;n_estimators=250,max_depth=9,random_state=1633250459;;;1759471619;1759471928;858;2.1838424034389483e-05;5.6601818689131274e-05
oscore;schc;;1024;p1;cbor;dns_cbor;1;binvec;rf;n_estimators=250,max_depth=9,random_state=1633250459;;;1759471619;1759471928;859;1.9224004595856547e-05;4.8448326121339326e-05
oscore;schc;;1024;p1;cbor;dns_cbor;1;binvec;rf;n_estimators=250,max_depth=9,random_state=1633250459;;;1759471619;1759471928;860;8.153983181001063e-05;0.0006997887279460019
oscore;schc;;1024;p1;cbor;dns_cbor;1;binvec;rf;n_estimators=250,max_depth=9,random_state=1633250459;;;1759471619;1759471928;861;2.948467489775746e-05;7.362942104974738e-05
oscore;schc;;1024;p1;cbor;dns_cbor;1;binvec;rf;n_estimators=250,max_depth=9,random_state=1633250459;;;1759471619;1759471928;862;5.928344650308696e-05;0.0003205616035575631
oscore;schc;;1024;p1;cbor;dns_cbor;1;binvec;rf;n_estimators=250,max_depth=9,random_state=1633250459;;;1759471619;1759471928;863;7.133231396638702e-05;0.0006111107445729004
oscore;schc;;1024;p1;cbor;dns_cbor;1;binvec;rf;n_estimators=250,max_depth=9,random_state=1633250459;;;1759471619;1759471928;864;2.7492055104652314e-05;9.204117553322434e-05
oscore;schc;;1024;p1;cbor;dns_cbor;1;binvec;rf;n_estimators=250,max_depth=9,random_state=1633250459;;;1759471619;1759471928;865;4.029443099691006e-05;0.0003417282783855525
oscore;schc;;1024;p1;cbor;dns_cbor;1;binvec;rf;n_estimators=250,max_depth=9,random_state=1633250459;;;1759471619;1759471928;866;6.130297630576273e-05;0.0002959357799368045
oscore;schc;;1024;p1;cbor;dns_cbor;1;binvec;rf;n_estimators=250,max_depth=9,random_state=1633250459;;;1759471619;1759471928;867;2.8649097286702548e-05;0.0001684946758652385
oscore;schc;;1024;p1;cbor;dns_cbor;1;binvec;rf;n_estimators=250,max_depth=9,random_state=1633250459;;;1759471619;1759471928;868;3.3681153899393444e-05;0.0002552115236272277
oscore;schc;;1024;p1;cbor;dns_cbor;1;binvec;rf;n_estimators=250,max_depth=9,random_state=1633250459;;;1759471619;1759471928;869;2.409078354828684e-05;5.805881805024827e-05
oscore;schc;;1024;p1;cbor;dns_cbor;1;binvec;rf;n_estimators=250,max_depth=9,random_state=1633250459;;;1759471619;1759471928;870;1.837301257894119e-05;5.619607082864997e-05
oscore;schc;;1024;p1;cbor;dns_cbor;1;binvec;rf;n_estimators=250,max_depth=9,random_state=1633250459;;;1759471619;1759471928;871;2.5226443901193363e-05;0.00011267806835207107
oscore;schc;;1024;p1;cbor;dns_cbor;1;binvec;rf;n_estimators=250,max_depth=9,random_state=1633250459;;;1759471619;1759471928;872;4.570990279598125e-05;0.0005058825331896529
oscore;schc;;1024;p1;cbor;dns_cbor;1;binvec;rf;n_estimators=250,max_depth=9,random_state=1633250459;;;1759471619;1759471928;873;3.573431728237934e-05;0.0001674274934330844
oscore;schc;;1024;p1;cbor;dns_cbor;1;binvec;rf;n_estimators=250,max_depth=9,random_state=1633250459;;;1759471619;1759471928;874;3.702012603904213e-05;0.00019386144496076583
oscore;schc;;1024;p1;cbor;dns_cbor;1;binvec;rf;n_estimators=250,max_depth=9,random_state=1633250459;;;1759471619;1759471928;875;2.0617166091016292e-05;7.487567051156452e-05
oscore;schc;;1024;p1;cbor;dns_cbor;1;binvec;rf;n_estimators=250,max_depth=9,random_state=1633250459;;;1759471619;1759471928;876;4.489567020222834e-05;0.000297293492170673
oscore;schc;;1024;p1;cbor;dns_cbor;1;binvec;rf;n_estimators=250,max_depth=9,random_state=1633250459;;;1759471619;1759471928;877;2.2321616310704997e-05;9.31430465944195e-05
oscore;schc;;1024;p1;cbor;dns_cbor;1;binvec;rf;n_estimators=250,max_depth=9,random_state=1633250459;;;1759471619;1759471928;878;9.392986944240667e-06;3.446235123851524e-05
oscore;schc;;1024;p1;cbor;dns_cbor;1;binvec;rf;n_estimators=250,max_depth=9,random_state=1633250459;;;1759471619;1759471928;879;2.671779066093263e-05;0.00013797323172287643
oscore;schc;;1024;p1;cbor;dns_cbor;1;binvec;rf;n_estimators=250,max_depth=9,random_state=1633250459;;;1759471619;1759471928;880;1.6115793933775176e-05;5.326254328575172e-05
oscore;schc;;1024;p1;cbor;dns_cbor;1;binvec;rf;n_estimators=250,max_depth=9,random_state=1633250459;;;1759471619;1759471928;881;3.658620810015648e-05;0.0002273792125740812
oscore;schc;;1024;p1;cbor;dns_cbor;1;binvec;rf;n_estimators=250,max_depth=9,random_state=1633250459;;;1759471619;1759471928;882;2.4762558079062757e-05;8.520882845862472e-05
oscore;schc;;1024;p1;cbor;dns_cbor;1;binvec;rf;n_estimators=250,max_depth=9,random_state=1633250459;;;1759471619;1759471928;883;4.479788980702372e-05;0.0003417248765221626
oscore;schc;;1024;p1;cbor;dns_cbor;1;binvec;rf;n_estimators=250,max_depth=9,random_state=1633250459;;;1759471619;1759471928;884;2.171588040898757e-05;7.773392585716591e-05
oscore;schc;;1024;p1;cbor;dns_cbor;1;binvec;rf;n_estimators=250,max_depth=9,random_state=1633250459;;;1759471619;1759471928;885;1.80216785091363e-05;5.18089657908784e-05
oscore;schc;;1024;p1;cbor;dns_cbor;1;binvec;rf;n_estimators=250,max_depth=9,random_state=1633250459;;;1759471619;1759471928;886;1.8715245742090633e-05;5.206904592632759e-05
oscore;schc;;1024;p1;cbor;dns_cbor;1;binvec;rf;n_estimators=250,max_depth=9,random_state=1633250459;;;1759471619;1759471928;887;2.1123688178537272e-05;5.148770028835421e-05
oscore;schc;;1024;p1;cbor;dns_cbor;1;binvec;rf;n_estimators=250,max_depth=9,random_state=1633250459;;;1759471619;1759471928;888;2.0341532464042066e-05;5.9983463268988e-05
oscore;schc;;1024;p1;cbor;dns_cbor;1;binvec;rf;n_estimators=250,max_depth=9,random_state=1633250459;;;1759471619;1759471928;889;1.8585044295614173e-05;5.085993452109507e-05
oscore;schc;;1024;p1;cbor;dns_cbor;1;binvec;rf;n_estimators=250,max_depth=9,random_state=1633250459;;;1759471619;1759471928;890;2.1056080434803244e-05;5.1383869019577564e-05
oscore;schc;;1024;p1;cbor;dns_cbor;1;binvec;rf;n_estimators=250,max_depth=9,random_state=1633250459;;;1759471619;1759471928;891;1.4662275175075737e-05;4.346102144592037e-05
oscore;schc;;1024;p1;cbor;dns_cbor;1;binvec;rf;n_estimators=250,max_depth=9,random_state=1633250459;;;1759471619;1759471928;892;1.6787063220212567e-05;4.475621566582348e-05
oscore;schc;;1024;p1;cbor;dns_cbor;1;binvec;rf;n_estimators=250,max_depth=9,random_state=1633250459;;;1759471619;1759471928;893;2.5779819820341278e-05;0.00011013454933901643
oscore;schc;;1024;p1;cbor;dns_cbor;1;binvec;rf;n_estimators=250,max_depth=9,random_state=1633250459;;;1759471619;1759471928;894;2.271632584528642e-05;6.671641605981825e-05
oscore;schc;;1024;p1;cbor;dns_cbor;1;binvec;rf;n_estimators=250,max_depth=9,random_state=1633250459;;;1759471619;1759471928;895;2.4325763234929517e-05;5.777400144660762e-05
oscore;schc;;1024;p1;cbor;dns_cbor;1;binvec;rf;n_estimators=250,max_depth=9,random_state=1633250459;;;1759471619;1759471928;896;1.709350397354652e-05;4.697632103982369e-05
oscore;schc;;1024;p1;cbor;dns_cbor;1;binvec;rf;n_estimators=250,max_depth=9,random_state=1633250459;;;1759471619;1759471928;897;2.3573730504647478e-05;6.506415592597103e-05
oscore;schc;;1024;p1;cbor;dns_cbor;1;binvec;rf;n_estimators=250,max_depth=9,random_state=1633250459;;;1759471619;1759471928;898;3.233180076095704e-05;0.0001518343441821267
oscore;schc;;1024;p1;cbor;dns_cbor;1;binvec;rf;n_estimators=250,max_depth=9,random_state=1633250459;;;1759471619;1759471928;899;0.00012166865876770205;0.0016221817401491146
oscore;schc;;1024;p1;cbor;dns_cbor;1;binvec;rf;n_estimators=250,max_depth=9,random_state=1633250459;;;1759471619;1759471928;900;2.2978974727839084e-05;9.16170714895433e-05
oscore;schc;;1024;p1;cbor;dns_cbor;1;binvec;rf;n_estimators=250,max_depth=9,random_state=1633250459;;;1759471619;1759471928;901;2.0393293230584446e-05;5.315145808696095e-05
oscore;schc;;1024;p1;cbor;dns_cbor;1;binvec;rf;n_estimators=250,max_depth=9,random_state=1633250459;;;1759471619;1759471928;902;2.191031892808282e-05;8.598084929787462e-05
oscore;schc;;1024;p1;cbor;dns_cbor;1;binvec;rf;n_estimators=250,max_depth=9,random_state=1633250459;;;1759471619;1759471928;903;2.1996300009996823e-05;5.2818439954471435e-05
oscore;schc;;1024;p1;cbor;dns_cbor;1;binvec;rf;n_estimators=250,max_depth=9,random_state=1633250459;;;1759471619;1759471928;904;1.949429330867348e-05;5.537699825741974e-05
oscore;schc;;1024;p1;cbor;dns_cbor;1;binvec;rf;n_estimators=250,max_depth=9,random_state=1633250459;;;1759471619;1759471928;905;2.2326143427820953e-05;5.330171734397084e-05
oscore;schc;;1024;p1;cbor;dns_cbor;1;binvec;rf;n_estimators=250,max_depth=9,random_state=1633250459;;;1759471619;1759471928;906;1.595514797582127e-05;4.8930265583548555e-05
oscore;schc;;1024;p1;cbor;dns_cbor;1;binvec;rf;n_estimators=250,max_depth=9,random_state=1633250459;;;1759471619;1759471928;907;1.8399711181893854e-05;5.529480871343966e-05
oscore;schc;;1024;p1;cbor;dns_cbor;1;binvec;rf;n_estimators=250,max_depth=9,random_state=1633250459;;;1759471619;1759471928;908;3.9306696659557854e-05;0.00027179865282596057
oscore;schc;;1024;p1;cbor;dns_cbor;1;binvec;rf;n_estimators=250,max_depth=9,random_state=1633250459;;;1759471619;1759471928;909;3.811224415443594e-05;0.0003006627308511287
oscore;schc;;1024;p1;cbor;dns_cbor;1;binvec;rf;n_estimators=250,max_depth=9,random_state=1633250459;;;1759471619;1759471928;910;1.638216897216492e-05;4.816692008160562e-05
oscore;schc;;1024;p1;cbor;dns_cbor;1;binvec;rf;n_estimators=250,max_depth=9,random_state=1633250459;;;1759471619;1759471928;911;2.6936695143688113e-05;0.00015724137103907993
oscore;schc;;1024;p1;cbor;dns_cbor;1;binvec;rf;n_estimators=250,max_depth=9,random_state=1633250459;;;1759471619;1759471928;912;1.847001211279466e-05;4.842217275058134e-05
oscore;schc;;1024;p1;cbor;dns_cbor;1;binvec;rf;n_estimators=250,max_depth=9,random_state=1633250459;;;1759471619;1759471928;913;2.6147718787954625e-05;5.834788145273814e-05
oscore;schc;;1024;p1;cbor;dns_cbor;1;binvec;rf;n_estimators=250,max_depth=9,random_state=1633250459;;;1759471619;1759471928;914;2.923807225099973e-05;0.000141621705889229
oscore;schc;;1024;p1;cbor;dns_cbor;1;binvec;rf;n_estimators=250,max_depth=9,random_state=1633250459;;;1759471619;1759471928;915;2.6276465614592035e-05;6.509567030694312e-05
oscore;schc;;1024;p1;cbor;dns_cbor;1;binvec;rf;n_estimators=250,max_depth=9,random_state=1633250459;;;1759471619;1759471928;916;2.362551402248063e-05;6.513442113934679e-05
oscore;schc;;1024;p1;cbor;dns_cbor;1;binvec;rf;n_estimators=250,max_depth=9,random_state=1633250459;;;1759471619;1759471928;917;3.7333423930832526e-05;0.00020050583532663625
oscore;schc;;1024;p1;cbor;dns_cbor;1;binvec;rf;n_estimators=250,max_depth=9,random_state=1633250459;;;1759471619;1759471928;918;2.3415988779408206e-05;6.56056725102013e-05
oscore;schc;;1024;p1;cbor;dns_cbor;1;binvec;rf;n_estimators=250,max_depth=9,random_state=1633250459;;;1759471619;1759471928;919;2.3529345866355566e-05;5.239466683963743e-05
oscore;schc;;1024;p1;cbor;dns_cbor;1;binvec;rf;n_estimators=250,max_depth=9,random_state=1633250459;;;1759471619;1759471928;920;0.0005632216162050047;0.007904903336041116
oscore;schc;;1024;p1;cbor;dns_cbor;1;binvec;rf;n_estimators=250,max_depth=9,random_state=1633250459;;;1759471619;1759471928;921;8.12562478954953e-05;0.0004900312391316071
oscore;schc;;1024;p1;cbor;dns_cbor;1;binvec;rf;n_estimators=250,max_depth=9,random_state=1633250459;;;1759471619;1759471928;922;2.908814454107548e-05;0.00010976206116517573
oscore;schc;;1024;p1;cbor;dns_cbor;1;binvec;rf;n_estimators=250,max_depth=9,random_state=1633250459;;;1759471619;1759471928;923;3.3852695221636865e-05;0.00019153802161519528
oscore;schc;;1024;p1;cbor;dns_cbor;1;binvec;rf;n_estimators=250,max_depth=9,random_state=1633250459;;;1759471619;1759471928;924;2.3846579813157307e-05;7.106345407803885e-05
oscore;schc;;1024;p1;cbor;dns_cbor;1;binvec;rf;n_estimators=250,max_depth=9,random_state=1633250459;;;1759471619;1759471928;925;0.00020411058471739603;0.0026734032700719995
oscore;schc;;1024;p1;cbor;dns_cbor;1;binvec;rf;n_estimators=250,max_depth=9,random_state=1633250459;;;1759471619;1759471928;926;0.00014282031579240188;0.0018985114398357274
oscore;schc;;1024;p1;cbor;dns_cbor;1;binvec;rf;n_estimators=250,max_depth=9,random_state=1633250459;;;1759471619;1759471928;927;2.652348894258135e-05;7.049600038181345e-05
oscore;schc;;1024;p1;cbor;dns_cbor;1;binvec;rf;n_estimators=250,max_depth=9,random_state=1633250459;;;1759471619;1759471928;928;5.379331403088915e-05;0.0003043040435978008
oscore;schc;;1024;p1;cbor;dns_cbor;1;binvec;rf;n_estimators=250,max_depth=9,random_state=1633250459;;;1759471619;1759471928;929;3.033831865045991e-05;9.678354435626725e-05
oscore;schc;;1024;p1;cbor;dns_cbor;1;binvec;rf;n_estimators=250,max_depth=9,random_state=1633250459;;;1759471619;1759471928;930;0.00031249347709516313;0.00459837190475383
oscore;schc;;1024;p1;cbor;dns_cbor;1;binvec;rf;n_estimators=250,max_depth=9,random_state=1633250459;;;1759471619;1759471928;931;0.0001572025731278636;0.0019062123672308087
oscore;schc;;1024;p1;cbor;dns_cbor;1;binvec;rf;n_estimators=250,max_depth=9,random_state=1633250459;;;1759471619;1759471928;932;3.608895868187538e-05;0.0001583184422989101
oscore;schc;;1024;p1;cbor;dns_cbor;1;binvec;rf;n_estimators=250,max_depth=9,random_state=1633250459;;;1759471619;1759471928;933;4.416865847995373e-05;0.00018329553679182465
oscore;schc;;1024;p1;cbor;dns_cbor;1;binvec;rf;n_estimators=250,max_depth=9,random_state=1633250459;;;1759471619;1759471928;934;5.880143559293912e-05;0.00034538651646725914
oscore;schc;;1024;p1;cbor;dns_cbor;1;binvec;rf;n_estimators=250,max_depth=9,random_state=1633250459;;;1759471619;1759471928;935;5.0427385998418304e-05;0.00022675963018616943
oscore;schc;;1024;p1;cbor;dns_cbor;1;binvec;rf;n_estimators=250,max_depth=9,random_state=1633250459;;;1759471619;1759471928;936;0.00012879562012750047;0.0015767466218746613
oscore;schc;;1024;p1;cbor;dns_cbor;1;binvec;rf;n_estimators=250,max_depth=9,random_state=1633250459;;;1759471619;1759471928;937;0.00010071214441606746;0.0007104025972219447
oscore;schc;;1024;p1;cbor;dns_cbor;1;binvec;rf;n_estimators=250,max_depth=9,random_state=1633250459;;;1759471619;1759471928;938;5.8360506934232456e-05;0.0002446491791986354
oscore;schc;;1024;p1;cbor;dns_cbor;1;binvec;rf;n_estimators=250,max_depth=9,random_state=1633250459;;;1759471619;1759471928;939;0.00014540191263226829;0.0008419236269186538
oscore;schc;;1024;p1;cbor;dns_cbor;1;binvec;rf;n_estimators=250,max_depth=9,random_state=1633250459;;;1759471619;1759471928;940;0.0003102109399214881;0.0040690523743184435
oscore;schc;;1024;p1;cbor;dns_cbor;1;binvec;rf;n_estimators=250,max_depth=9,random_state=1633250459;;;1759471619;1759471928;941;6.462194136520473e-05;0.00016779066565827993
oscore;schc;;1024;p1;cbor;dns_cbor;1;binvec;rf;n_estimators=250,max_depth=9,random_state=1633250459;;;1759471619;1759471928;942;0.00045225336908456516;0.004861555354365968
oscore;schc;;1024;p1;cbor;dns_cbor;1;binvec;rf;n_estimators=250,max_depth=9,random_state=1633250459;;;1759471619;1759471928;943;0.00111263998745513;0.008641681753783196
oscore;schc;;1024;p1;cbor;dns_cbor;1;binvec;rf;n_estimators=250,max_depth=9,random_state=1633250459;;;1759471619;1759471928;944;6.345538777295705e-05;0.0003640365220149589
oscore;schc;;1024;p1;cbor;dns_cbor;1;binvec;rf;n_estimators=250,max_depth=9,random_state=1633250459;;;1759471619;1759471928;945;9.2380689606099e-05;0.0004636014643989471
oscore;schc;;1024;p1;cbor;dns_cbor;1;binvec;rf;n_estimators=250,max_depth=9,random_state=1633250459;;;1759471619;1759471928;946;0.0004371502597876659;0.005079008809299174
oscore;schc;;1024;p1;cbor;dns_cbor;1;binvec;rf;n_estimators=250,max_depth=9,random_state=1633250459;;;1759471619;1759471928;947;0.00045496183265630343;0.005757832247644689
oscore;schc;;1024;p1;cbor;dns_cbor;1;binvec;rf;n_estimators=250,max_depth=9,random_state=1633250459;;;1759471619;1759471928;948;0.00057047023013873;0.006599448561210831
oscore;schc;;1024;p1;cbor;dns_cbor;1;binvec;rf;n_estimators=250,max_depth=9,random_state=1633250459;;;1759471619;1759471928;949;0.0008587346589745713;0.008030158484157099
oscore;schc;;1024;p1;cbor;dns_cbor;1;binvec;rf;n_estimators=250,max_depth=9,random_state=1633250459;;;1759471619;1759471928;950;9.508978377327276e-05;0.0006780073932726576
oscore;schc;;1024;p1;cbor;dns_cbor;1;binvec;rf;n_estimators=250,max_depth=9,random_state=1633250459;;;1759471619;1759471928;951;6.93270769057818e-05;0.00041861412498122723
oscore;schc;;1024;p1;cbor;dns_cbor;1;binvec;rf;n_estimators=250,max_depth=9,random_state=1633250459;;;1759471619;1759471928;952;0.0001225812174514332;0.0015104028543053867
oscore;schc;;1024;p1;cbor;dns_cbor;1;binvec;rf;n_estimators=250,max_depth=9,random_state=1633250459;;;1759471619;1759471928;953;0.0010159894211682733;0.010624456719388034
oscore;schc;;1024;p1;cbor;dns_cbor;1;binvec;rf;n_estimators=250,max_depth=9,random_state=1633250459;;;1759471619;1759471928;954;0.0005212280332253902;0.007213977990545643
oscore;schc;;1024;p1;cbor;dns_cbor;1;binvec;rf;n_estimators=250,max_depth=9,random_state=1633250459;;;1759471619;1759471928;955;0.0009862884817396908;0.010060628440991959
oscore;schc;;1024;p1;cbor;dns_cbor;1;binvec;rf;n_estimators=250,max_depth=9,random_state=1633250459;;;1759471619;1759471928;956;0.0004651704096382131;0.006321148404754197
oscore;schc;;1024;p1;cbor;dns_cbor;1;binvec;rf;n_estimators=250,max_depth=9,random_state=1633250459;;;1759471619;1759471928;957;0.00010042506461390654;0.0008140456993032002
oscore;schc;;1024;p1;cbor;dns_cbor;1;binvec;rf;n_estimators=250,max_depth=9,random_state=1633250459;;;1759471619;1759471928;958;5.285331355700278e-05;0.00039005208677589213
oscore;schc;;1024;p1;cbor;dns_cbor;1;binvec;rf;n_estimators=250,max_depth=9,random_state=1633250459;;;1759471619;1759471928;959;0.0004999311751321258;0.007104749185374545
oscore;schc;;1024;p1;cbor;dns_cbor;1;binvec;rf;n_estimators=250,max_depth=9,random_state=1633250459;;;1759471619;1759471928;960;0.0006225680393773735;0.00915380727371342
oscore;schc;;1024;p1;cbor;dns_cbor;1;binvec;rf;n_estimators=250,max_depth=9,random_state=1633250459;;;1759471619;1759471928;961;0.000559632961808255;0.008001201561852935
oscore;schc;;1024;p1;cbor;dns_cbor;1;binvec;rf;n_estimators=250,max_depth=9,random_state=1633250459;;;1759471619;1759471928;962;0.001205279069082339;0.012941058274673359
oscore;schc;;1024;p1;cbor;dns_cbor;1;binvec;rf;n_estimators=250,max_depth=9,random_state=1633250459;;;1759471619;1759471928;963;4.7067209520367854e-05;0.00016849953500629555
oscore;schc;;1024;p1;cbor;dns_cbor;1;binvec;rf;n_estimators=250,max_depth=9,random_state=1633250459;;;1759471619;1759471928;964;0.0006300779243987966;0.009610210435338377
oscore;schc;;1024;p1;cbor;dns_cbor;1;binvec;rf;n_estimators=250,max_depth=9,random_state=1633250459;;;1759471619;1759471928;965;0.0007326277770594885;0.009887650755647806
oscore;schc;;1024;p1;cbor;dns_cbor;1;binvec;rf;n_estimators=250,max_depth=9,random_state=1633250459;;;1759471619;1759471928;966;3.563884025629867e-05;8.55786002020434e-05
oscore;schc;;1024;p1;cbor;dns_cbor;1;binvec;rf;n_estimators=250,max_depth=9,random_state=1633250459;;;1759471619;1759471928;967;0.0006418040145802218;0.008884029109440951
oscore;schc;;1024;p1;cbor;dns_cbor;1;binvec;rf;n_estimators=250,max_depth=9,random_state=1633250459;;;1759471619;1759471928;968;0.0015354070192502383;0.015120914167222799
oscore;schc;;1024;p1;cbor;dns_cbor;1;binvec;rf;n_estimators=250,max_depth=9,random_state=1633250459;;;1759471619;1759471928;969;0.002104101516968413;0.018727300383620957
oscore;schc;;1024;p1;cbor;dns_cbor;1;binvec;rf;n_estimators=250,max_depth=9,random_state=1633250459;;;1759471619;1759471928;970;0.0020102172071830536;0.018074120260304617
oscore;schc;;1024;p1;cbor;dns_cbor;1;binvec;rf;n_estimators=250,max_depth=9,random_state=1633250459;;;1759471619;1759471928;971;0.0021547604656911214;0.019342881942360047
oscore;schc;;1024;p1;cbor;dns_cbor;1;binvec;rf;n_estimators=250,max_depth=9,random_state=1633250459;;;1759471619;1759471928;972;0.0013903948740782205;0.01520389416793409
oscore;schc;;1024;p1;cbor;dns_cbor;1;binvec;rf;n_estimators=250,max_depth=9,random_state=1633250459;;;1759471619;1759471928;973;0.0012239888370406903;0.012534510124417166
oscore;schc;;1024;p1;cbor;dns_cbor;1;binvec;rf;n_estimators=250,max_depth=9,random_state=1633250459;;;1759471619;1759471928;974;3.6695256278421404e-05;0.0002605539052235565
oscore;schc;;1024;p1;cbor;dns_cbor;1;binvec;rf;n_estimators=250,max_depth=9,random_state=1633250459;;;1759471619;1759471928;975;0.0022925881764923484;0.018410061398928063
oscore;schc;;1024;p1;cbor;dns_cbor;1;binvec;rf;n_estimators=250,max_depth=9,random_state=1633250459;;;1759471619;1759471928;976;0.0031349732017261333;0.02912178957366507
oscore;schc;;1024;p1;cbor;dns_cbor;1;binvec;rf;n_estimators=250,max_depth=9,random_state=1633250459;;;1759471619;1759471928;977;0.0013259344699212338;0.013785427416584421
oscore;schc;;1024;p1;cbor;dns_cbor;1;binvec;rf;n_estimators=250,max_depth=9,random_state=1633250459;;;1759471619;1759471928;978;0.0022078643047023934;0.024492415894889766
oscore;schc;;1024;p1;cbor;dns_cbor;1;binvec;rf;n_estimators=250,max_depth=9,random_state=1633250459;;;1759471619;1759471928;979;0.001898568581914735;0.018376805847716886
oscore;schc;;1024;p1;cbor;dns_cbor;1;binvec;rf;n_estimators=250,max_depth=9,random_state=1633250459;;;1759471619;1759471928;980;0.0024024642905020066;0.021635645188259226
oscore;schc;;1024;p1;cbor;dns_cbor;1;binvec;rf;n_estimators=250,max_depth=9,random_state=1633250459;;;1759471619;1759471928;981;0.0027647037003947967;0.021714423290989233
oscore;schc;;1024;p1;cbor;dns_cbor;1;binvec;rf;n_estimators=250,max_depth=9,random_state=1633250459;;;1759471619;1759471928;982;0.003623905046255368;0.025951274710927178
oscore;schc;;1024;p1;cbor;dns_cbor;1;binvec;rf;n_estimators=250,max_depth=9,random_state=1633250459;;;1759471619;1759471928;983;0.0024531213095120735;0.021432508827865515
oscore;schc;;1024;p1;cbor;dns_cbor;1;binvec;rf;n_estimators=250,max_depth=9,random_state=1633250459;;;1759471619;1759471928;984;0.002264963379136359;0.021678805861030548
oscore;schc;;1024;p1;cbor;dns_cbor;1;binvec;rf;n_estimators=250,max_depth=9,random_state=1633250459;;;1759471619;1759471928;985;0.0022965760768672034;0.022319786858796403
oscore;schc;;1024;p1;cbor;dns_cbor;1;binvec;rf;n_estimators=250,max_depth=9,random_state=1633250459;;;1759471619;1759471928;986;0.003925810749324804;0.0290826019408591
oscore;schc;;1024;p1;cbor;dns_cbor;1;binvec;rf;n_estimators=250,max_depth=9,random_state=1633250459;;;1759471619;1759471928;987;0.0019514090732447723;0.01930669260652887
oscore;schc;;1024;p1;cbor;dns_cbor;1;binvec;rf;n_estimators=250,max_depth=9,random_state=1633250459;;;1759471619;1759471928;988;0.0011424211014319902;0.016068989888330762
oscore;schc;;1024;p1;cbor;dns_cbor;1;binvec;rf;n_estimators=250,max_depth=9,random_state=1633250459;;;1759471619;1759471928;989;0.0016699838001544862;0.01681845329090445
oscore;schc;;1024;p1;cbor;dns_cbor;1;binvec;rf;n_estimators=250,max_depth=9,random_state=1633250459;;;1759471619;1759471928;990;0.0062491390878394275;0.03793503364262676
oscore;schc;;1024;p1;cbor;dns_cbor;1;binvec;rf;n_estimators=250,max_depth=9,random_state=1633250459;;;1759471619;1759471928;991;0.003320550769759377;0.027611420347205477
oscore;schc;;1024;p1;cbor;dns_cbor;1;binvec;rf;n_estimators=250,max_depth=9,random_state=1633250459;;;1759471619;1759471928;992;0.007320407930635367;0.04279052175768909
oscore;schc;;1024;p1;cbor;dns_cbor;1;binvec;rf;n_estimators=250,max_depth=9,random_state=1633250459;;;1759471619;1759471928;993;0.0035159371748125483;0.028848166511448066
oscore;schc;;1024;p1;cbor;dns_cbor;1;binvec;rf;n_estimators=250,max_depth=9,random_state=1633250459;;;1759471619;1759471928;994;0.0029076096087801285;0.02899378891763648
oscore;schc;;1024;p1;cbor;dns_cbor;1;binvec;rf;n_estimators=250,max_depth=9,random_state=1633250459;;;1759471619;1759471928;995;0.010049210633730803;0.050862278506311254
oscore;schc;;1024;p1;cbor;dns_cbor;1;binvec;rf;n_estimators=250,max_depth=9,random_state=1633250459;;;1759471619;1759471928;996;0.0044207617643913484;0.032621528891091676
oscore;schc;;1024;p1;cbor;dns_cbor;1;binvec;rf;n_estimators=250,max_depth=9,random_state=1633250459;;;1759471619;1759471928;997;0.005645288434629931;0.04110626675209656
oscore;schc;;1024;p1;cbor;dns_cbor;1;binvec;rf;n_estimators=250,max_depth=9,random_state=1633250459;;;1759471619;1759471928;998;0.006273350869130036;0.0420785401127836
oscore;schc;;1024;p1;cbor;dns_cbor;1;binvec;rf;n_estimators=250,max_depth=9,random_state=1633250459;;;1759471619;1759471928;999;0.004179056435403397;0.03246348186837681
oscore;schc;;1024;p1;cbor;dns_cbor;1;binvec;rf;n_estimators=250,max_depth=9,random_state=1633250459;;;1759471619;1759471928;1000;0.006970654545641678;0.04354265983682764
oscore;schc;;1024;p1;cbor;dns_cbor;1;binvec;rf;n_estimators=250,max_depth=9,random_state=1633250459;;;1759471619;1759471928;1001;0.01650761294589067;0.06760501670743019
oscore;schc;;1024;p1;cbor;dns_cbor;1;binvec;rf;n_estimators=250,max_depth=9,random_state=1633250459;;;1759471619;1759471928;1002;0.009056214535890854;0.051175698310482104
oscore;schc;;1024;p1;cbor;dns_cbor;1;binvec;rf;n_estimators=250,max_depth=9,random_state=1633250459;;;1759471619;1759471928;1003;0.010634835622271034;0.05762030247167325
oscore;schc;;1024;p1;cbor;dns_cbor;1;binvec;rf;n_estimators=250,max_depth=9,random_state=1633250459;;;1759471619;1759471928;1004;0.008746675258643522;0.046640841805503604
oscore;schc;;1024;p1;cbor;dns_cbor;1;binvec;rf;n_estimators=250,max_depth=9,random_state=1633250459;;;1759471619;1759471928;1005;0.011781765968518217;0.05701489248847737
oscore;schc;;1024;p1;cbor;dns_cbor;1;binvec;rf;n_estimators=250,max_depth=9,random_state=1633250459;;;1759471619;1759471928;1006;0.01005097960059962;0.0518534613915399
oscore;schc;;1024;p1;cbor;dns_cbor;1;binvec;rf;n_estimators=250,max_depth=9,random_state=1633250459;;;1759471619;1759471928;1007;0.01513361589575442;0.06390534999741343
oscore;schc;;1024;p1;cbor;dns_cbor;1;binvec;rf;n_estimators=250,max_depth=9,random_state=1633250459;;;1759471619;1759471928;1008;0.02540790090398344;0.08463924789213274
oscore;schc;;1024;p1;cbor;dns_cbor;1;binvec;rf;n_estimators=250,max_depth=9,random_state=1633250459;;;1759471619;1759471928;1009;0.02582612213388675;0.08478627713969365
oscore;schc;;1024;p1;cbor;dns_cbor;1;binvec;rf;n_estimators=250,max_depth=9,random_state=1633250459;;;1759471619;1759471928;1010;0.018870956841418297;0.08228035671701206
oscore;schc;;1024;p1;cbor;dns_cbor;1;binvec;rf;n_estimators=250,max_depth=9,random_state=1633250459;;;1759471619;1759471928;1011;0.02199528229519497;0.0826539406615724
oscore;schc;;1024;p1;cbor;dns_cbor;1;binvec;rf;n_estimators=250,max_depth=9,random_state=1633250459;;;1759471619;1759471928;1012;0.016699735252681727;0.06716553852496862
oscore;schc;;1024;p1;cbor;dns_cbor;1;binvec;rf;n_estimators=250,max_depth=9,random_state=1633250459;;;1759471619;1759471928;1013;0.012884473093759405;0.05791086114800058
oscore;schc;;1024;p1;cbor;dns_cbor;1;binvec;rf;n_estimators=250,max_depth=9,random_state=1633250459;;;1759471619;1759471928;1014;0.024967237923445684;0.08159291787925718
oscore;schc;;1024;p1;cbor;dns_cbor;1;binvec;rf;n_estimators=250,max_depth=9,random_state=1633250459;;;1759471619;1759471928;1015;0.016588964557157856;0.06000326167851361
